-225.254410	-453.532227	390	
-419.969543	-352.311218	441	
-219.433517	-51.544605	2	
394.001831	-484.325378	771	
471.418732	-278.721863	795	
-243.862991	-136.580704	5	
-84.033218	-243.757065	6	
-38.730354	-48.833042	482	
-423.646759	321.741516	8	
-108.258308	-126.377579	157	
-22.631348	148.367996	1003	
-29.876143	228.398438	11	
49.768509	-491.035065	908	
-451.983643	402.966797	653	
-177.333420	374.385529	867	
239.161667	-369.477448	936	
-488.991211	46.489300	500	
-186.140747	-492.241058	17	
99.250198	-415.887817	247	
64.488945	-24.146111	19	
34.190357	453.222504	975	
50.359547	-76.653633	21	
214.217545	473.114899	1020	
-173.469070	-478.868713	17	
454.518982	-156.202133	24	
303.785156	-417.040466	453	
-483.529358	-406.031647	187	
-14.600963	-92.172417	991	
-94.505577	-492.922211	206	
-352.668701	71.566704	29	
-237.209381	-394.242950	30	
-473.382019	156.116608	31	
18.843769	-129.665848	645	
-479.965485	196.865082	33	
-75.807930	151.384048	133	
202.735184	-44.830799	35	
-388.199158	-28.360159	494	
-432.644196	457.038879	929	
-469.330292	-137.466675	1023	
-421.904175	9.864628	39	
101.375816	272.655243	46	
-422.121674	299.273254	8	
477.727234	-181.882980	42	
350.691010	-161.848450	970	
244.786087	262.343597	809	
482.679077	-34.921200	74	
-196.468414	76.879623	684	
218.352432	144.235428	47	
41.000904	174.905121	48	
-129.272873	253.000977	918	
272.020111	-145.623199	50	
-220.929916	-67.744911	51	
-57.763309	-90.017677	52	
475.737457	-239.326660	53	
-293.896729	-494.540558	54	
-412.146820	488.138489	55	
-75.227707	-208.329880	56	
-266.668762	-489.977448	54	
498.929077	51.023422	58	
-372.939728	421.750549	59	
265.056122	193.770645	60	
-324.292755	472.840729	930	
-114.368408	-84.922585	731	
413.672913	-109.185127	63	
279.865875	96.918167	64	
-91.597649	184.771362	65	
2.017617	-390.456390	99	
-327.487427	-157.125153	399	
-12.757092	-158.196030	68	
-23.121595	-31.135767	81	
-280.485138	-266.079620	458	
-183.471893	-90.372414	294	
345.796478	295.259186	414	
285.047119	208.932098	522	
484.971100	-11.202038	74	
-309.645477	397.200287	85	
-116.123528	-100.782066	731	
369.068512	71.730492	77	
-135.716888	-441.026581	785	
-89.478851	35.851837	634	
-121.490242	255.366684	918	
-459.730988	-428.105225	701	
174.869003	417.691223	852	
224.546371	202.738342	34	
-334.961304	187.709396	407	
-297.550842	378.063904	85	
424.630951	-238.059586	956	
256.356354	-368.991089	87	
430.956604	-4.707962	589	
-52.639156	405.813171	722	
-67.370682	-215.677078	56	
151.818100	-175.408066	433	
-219.365448	499.460938	686	
204.710129	224.007309	93	
337.717834	389.046021	301	
-40.476501	-408.504852	897	
478.529449	-483.873932	875	
396.753357	272.482391	478	
-113.292191	203.438995	510	
435.635681	-349.200134	898	
-479.584656	83.429161	687	
360.561676	-264.752716	101	
272.602844	15.881836	102	
102.335213	-279.408051	103	
-365.194061	-441.690186	923	
-145.013931	17.833292	105	
-46.769859	-3.637195	106	
313.414642	-106.883827	107	
-195.391983	279.824005	728	
-208.906555	215.459641	109	
-316.607910	235.875015	298	
-139.986359	96.436676	111	
361.227081	-130.960464	647	
-138.098511	471.374756	618	
86.583138	-393.819305	247	
200.310822	-38.833260	115	
405.533661	414.396881	116	
-373.117462	227.811508	117	
-379.286163	-467.580475	118	
317.984100	-176.487030	926	
166.054306	6.905019	401	
-402.446350	366.918671	993	
264.300293	228.145782	60	
446.928741	-409.952759	123	
-149.850845	176.630371	590	
311.679352	-123.058769	125	
291.042938	-217.525101	272	
-233.230743	-90.642540	507	
-364.388214	30.071259	128	
284.278320	-151.944611	50	
-351.595490	-485.890289	999	
-251.594284	-388.336639	30	
444.843597	375.963623	954	
-489.678986	322.892365	460	
-452.826782	-326.958496	824	
-309.793915	484.720886	930	
294.405701	275.763824	881	
-186.997803	-457.466888	671	
59.410213	-321.855103	138	
338.237701	462.423218	318	
-59.421837	-389.172272	519	
49.823643	-140.766556	78	
25.987804	-195.922974	942	
-269.702271	-185.601944	947	
-475.345123	-138.428711	1023	
-4.357576	51.777363	222	
-156.428787	-153.816940	337	
-26.025087	159.185226	800	
-486.263977	-281.404541	148	
-416.431549	-443.166870	118	
1.456261	-2.588689	150	
433.453796	-452.765045	151	
-22.885323	73.222816	763	
396.739197	303.520569	153	
-360.743988	328.175415	708	
54.814400	-176.182144	531	
455.093628	167.389038	156	
-368.863251	-358.636047	189	
-150.287033	-344.900024	90	
246.434097	-261.331573	493	
-394.421570	240.124695	117	
75.550499	173.578506	527	
-95.243988	-349.306854	378	
38.038551	-452.567688	939	
485.719147	-313.311676	164	
294.971039	241.502701	610	
-343.999725	196.596329	407	
363.212524	327.733093	167	
-270.389923	-322.553925	285	
314.603088	423.880157	925	
-43.570816	-470.541382	521	
95.666588	105.009140	566	
282.138947	-490.234863	562	
41.834114	47.803699	270	
-394.950165	33.522842	174	
-3.559023	-171.506134	175	
-288.350067	-15.505850	176	
94.247940	-152.293289	374	
-381.790070	77.316757	481	
297.271912	-108.080147	179	
215.002304	348.349030	180	
-127.142639	-55.984379	130	
204.290924	-273.845398	182	
-313.582367	267.988739	528	
215.976654	373.038605	283	
-67.775993	-130.520432	185	
389.974060	81.129494	186	
-455.679535	-324.622528	824	
-473.600006	-206.412613	576	
-314.074402	-409.140717	202	
-230.668640	305.861542	190	
-117.804199	-321.281097	754	
-399.930664	383.009857	993	
327.708008	-430.572510	620	
-396.849640	285.404144	497	
412.115570	-282.371857	445	
-450.425323	-392.397797	701	
171.527924	-348.077332	197	
141.187851	-321.677338	976	
-311.835480	-135.751755	124	
-372.938904	133.579605	293	
414.306641	-484.224609	771	
-354.432129	-384.155273	202	
102.983650	443.552734	203	
328.388214	-453.296906	204	
426.831360	458.818665	979	
-105.245949	-491.606628	206	
-56.193741	179.921265	207	
168.235962	-178.890915	873	
-313.746948	9.273588	41	
295.129425	136.334656	210	
-290.132660	50.641357	211	
303.324158	196.209259	522	
-220.209183	-200.807098	787	
325.684967	-372.418854	710	
-343.016754	-445.587494	923	
205.909668	-50.833435	35	
-137.561707	392.972839	135	
-329.110413	61.208786	29	
-342.336456	247.461792	479	
8.685768	42.591213	864	
-6.712437	252.458511	1001	
-6.335229	55.782677	222	
109.886703	335.573486	223	
169.661407	161.258453	88	
276.139130	318.241730	946	
341.435669	24.151384	604	
415.125488	386.589661	116	
168.736572	-442.520752	228	
243.456726	-284.857208	229	
-172.549515	223.828552	232	
47.778965	-282.883911	231	
-181.251251	210.780853	232	
285.927765	-179.332428	233	
52.299736	490.328979	234	
-53.747177	266.468109	307	
-105.381607	107.903778	349	
292.150543	23.029209	237	
-417.344482	-308.234192	608	
434.369263	435.222504	496	
33.544777	-237.326981	240	
175.311569	310.451996	241	
69.536865	-370.799286	242	
-480.455109	415.128540	370	
-194.873566	-32.571762	267	
-248.033554	413.681091	245	
-482.951813	-191.700516	576	
-193.718735	-399.549988	277	
-17.895937	-316.894470	23	
215.406067	-382.525238	249	
-336.149109	151.019577	61	
-163.875763	-173.668854	311	
225.513702	395.868073	252	
325.684021	415.412964	925	
-253.478149	-279.460632	254	
157.688614	-27.494192	525	
335.323517	-10.446012	465	
120.862183	295.835266	266	
429.430054	-222.060654	429	
-70.236206	493.345428	583	
365.320038	-342.803680	260	
63.549278	-6.679445	224	
-427.769501	-281.165741	998	
210.112457	-455.481750	228	
-236.877121	-208.959900	790	
-216.438416	448.728729	265	
-282.318634	284.052246	876	
-39.899380	-95.085564	594	
302.969879	-165.655457	268	
-171.055344	264.108307	269	
472.394226	129.428329	400	
-233.136658	-307.022400	372	
387.663605	-234.791901	971	
-95.668076	475.320526	822	
336.413208	-261.556580	755	
-10.966152	22.005022	655	
114.160301	239.686371	890	
-271.159210	-300.212982	727	
139.356552	-497.243134	278	
-172.188400	-168.298447	311	
-490.387878	-195.904251	576	
348.608917	70.959091	4	
-319.073730	-41.377304	282	
232.077896	362.954620	283	
-172.252243	199.367828	284	
-285.542267	-311.598328	285	
-450.103607	302.562012	8	
169.387344	-468.597229	278	
193.792694	170.759323	288	
-447.457367	498.570923	289	
-324.599121	-491.816986	999	
427.687469	356.791901	291	
372.951630	-462.281799	292	
-416.576111	269.796143	497	
-230.783340	-402.456116	949	
193.452835	-187.998383	560	
139.694092	-138.101990	410	
-174.378342	-468.714661	671	
-288.663696	225.078049	298	
-400.192200	277.620667	497	
-180.019165	453.021576	300	
344.249603	380.708984	301	
439.477448	253.660614	239	
-6.672025	337.084534	679	
410.133118	-393.698822	304	
-473.693909	299.754028	350	
-169.119263	-60.551910	7	
-61.982632	265.069794	307	
76.556740	476.406036	917	
-114.144562	-423.786133	559	
-306.274994	-103.805305	310	
-490.222382	-259.555695	148	
182.622192	-320.078247	312	
-106.815071	173.249786	243	
373.543793	83.382904	314	
-48.553467	109.688995	477	
-158.649094	440.569763	618	
93.153297	-121.412903	781	
376.241028	455.143860	318	
384.406799	-159.000717	647	
170.193253	34.724297	320	
-90.998711	44.501961	652	
-471.481659	-272.875885	148	
-98.303970	120.309052	490	
111.958206	-6.147176	575	
428.521576	445.299316	496	
-455.161072	-213.349762	326	
100.604355	379.803528	327	
421.439575	256.044556	478	
-281.319122	140.451370	183	
92.136024	-189.355377	341	
-138.214111	219.645920	331	
-128.119980	248.164291	918	
61.895966	-350.139709	242	
-74.838371	261.818481	334	
371.810211	190.340042	335	
428.147736	235.178955	715	
425.055023	-164.216675	463	
-199.450577	-242.777084	338	
131.187683	-24.096191	339	
-197.174820	-431.960175	340	
9.187042	-70.174309	1021	
-239.949203	301.705719	342	
-261.961304	-136.398315	343	
336.335602	288.763275	411	
428.485382	160.573486	909	
465.934448	88.721214	346	
-209.966217	13.776243	767	
-6.063342	314.325684	452	
-46.115906	-54.486633	70	
-445.717102	248.338577	449	
465.326355	-242.474411	53	
96.015755	17.576397	776	
474.869415	255.615112	721	
3.583372	91.950714	354	
294.115845	20.436108	237	
274.988342	-13.629436	894	
-8.960157	276.404327	357	
42.874634	-229.658997	358	
351.932343	224.225098	359	
136.893875	278.507996	858	
-10.104805	243.834381	11	
272.722229	-160.149872	233	
357.254974	-185.280441	363	
-194.610535	318.302917	843	
42.287231	112.418831	365	
-60.241489	-112.592819	366	
425.950989	378.447052	291	
425.919769	-78.678337	437	
240.214233	-226.746017	706	
-499.977966	410.147858	370	
-491.831604	-99.956963	144	
-226.159637	-327.234741	372	
-442.911285	-469.979736	782	
95.952209	-164.590271	374	
226.766403	377.696991	283	
-121.983292	-182.544495	726	
15.637577	-256.593506	240	
-70.337173	-330.673737	378	
114.029053	409.540527	537	
22.620380	409.562592	380	
-290.280243	417.730988	381	
140.653488	-308.428650	976	
-88.562607	-251.339935	6	
-3.059179	344.612244	679	
-99.252792	71.378647	517	
416.972412	449.395355	979	
320.604797	-34.967033	389	
102.684196	394.695770	327	
306.085297	8.724809	697	
-217.259644	-468.654785	390	
169.543274	-258.935059	791	
-43.610840	381.718445	836	
-83.999634	-206.844147	1017	
-94.368156	290.096710	384	
230.673019	-309.156128	691	
433.411255	-392.183716	304	
-46.395092	428.421082	722	
-282.794922	31.105280	211	
-349.868469	-162.809402	399	
492.598541	119.930923	400	
244.628067	-210.525818	706	
-85.611404	245.863312	526	
-224.279556	-338.136292	372	
-114.287613	67.495522	404	
-159.683472	-201.831436	813	
366.299316	-268.420227	101	
-158.322540	185.184662	590	
-217.911453	402.389771	788	
-382.804565	-447.478699	118	
-38.972916	-454.880188	521	
336.203979	289.747894	411	
-47.554195	-295.863525	412	
450.406067	-20.143091	589	
241.522247	365.569305	283	
-177.264923	-294.114197	415	
-405.208221	-427.814880	707	
474.664734	-86.137413	417	
282.958862	195.951157	522	
-377.641785	313.146545	708	
298.948181	-225.826355	420	
-404.530945	-389.622375	441	
181.464142	62.823414	827	
-486.677490	13.229549	500	
7.044613	-245.248230	896	
68.262276	77.486816	425	
427.648560	172.278641	909	
18.614531	146.943390	492	
294.765228	-70.097771	717	
473.305634	52.260460	58	
-295.632599	-148.791397	430	
-19.451052	-53.322346	431	
46.478390	-371.858215	242	
316.544220	-358.535706	710	
66.467049	148.508911	434	
-318.040924	-283.228790	476	
-496.663055	-355.580261	187	
396.899933	163.034256	909	
-295.674469	-42.200504	438	
-292.297760	-68.894836	439	
-475.774506	135.472595	440	
-385.077545	-383.978485	441	
-184.002991	162.499908	398	
-420.105011	-20.955891	39	
-142.977509	-454.488861	1012	
388.901764	-272.529785	445	
498.267883	-269.192841	446	
279.912659	-372.292877	87	
-291.499268	-167.967346	448	
-433.008881	39.734901	246	
-22.258074	63.960373	763	
-260.298676	178.882843	839	
-51.661579	494.879852	259	
285.117279	-425.225189	453	
-236.639587	-68.202705	557	
-109.887543	-179.300934	773	
233.635727	-181.033051	456	
-278.421265	-401.120422	30	
-127.444000	-192.619675	36	
481.332764	-125.628563	459	
-478.785339	352.113373	460	
196.569138	-408.185303	461	
-12.054861	40.153088	746	
441.821045	-174.729614	24	
374.741089	88.630798	314	
353.172180	478.743256	318	
-440.926422	212.378983	466	
-4.217863	433.957703	467	
-439.802185	-193.486298	468	
456.646088	-212.153519	469	
-107.170700	-190.938858	726	
-107.027145	-494.369720	206	
-428.000763	-6.424576	39	
245.905457	-64.603539	216	
-5.413503	-189.862488	474	
175.064804	-336.690277	197	
-323.757782	-277.616699	476	
496.386597	218.165405	495	
415.410522	278.363220	478	
-358.185242	235.009308	479	
242.590424	-372.161377	936	
-304.520477	20.811499	810	
240.183228	92.810753	544	
325.040100	-161.283798	970	
-264.832642	333.302673	484	
-266.074615	8.367479	797	
-288.573364	184.609711	486	
401.306793	180.996292	487	
25.144756	96.406761	1005	
-44.503628	238.221527	489	
173.694427	-19.188046	43	
-299.046356	176.291473	486	
233.843094	-83.525269	136	
260.308014	-258.485138	493	
-277.830658	-23.317783	196	
494.168213	210.607590	495	
429.476807	422.034210	496	
-412.831390	323.341064	8	
463.025879	-151.514206	498	
117.246391	303.982147	266	
-493.523804	-22.323400	500	
23.544609	178.630234	501	
61.424553	-87.526649	195	
-307.884766	-327.218658	503	
-338.477875	-105.049286	535	
464.231659	-110.881058	459	
-224.691269	-181.404297	506	
-229.004532	-94.235687	507	
447.678497	-131.209824	508	
-279.231689	486.036530	930	
-267.920380	492.512756	686	
224.202866	16.057373	511	
392.617645	-422.518036	512	
-22.492886	-230.402802	568	
-196.088547	-68.880676	534	
106.998024	-104.649010	592	
120.692131	170.659714	516	
56.420563	441.655151	308	
-184.510025	389.333679	867	
-76.954781	-389.898010	519	
-165.417404	-157.818405	337	
223.796600	-433.615540	461	
291.640808	459.002075	658	
-228.041656	-63.490807	557	
425.057281	240.420639	715	
473.106873	-152.581360	498	
-89.724571	468.110809	822	
-333.960327	24.531364	279	
-172.431763	340.021301	867	
357.886963	-236.933472	529	
-125.757690	97.649155	111	
383.110352	-178.554260	387	
408.035828	-386.913452	304	
-489.556793	-114.955101	144	
-117.552162	-189.897842	726	
-314.428253	-216.790939	1	
-115.953323	193.484482	536	
-246.818726	359.524200	895	
-436.028931	-312.907562	824	
264.094543	-455.020599	562	
74.320015	-80.778275	172	
226.727005	-197.667892	541	
445.518494	-289.632111	542	
-376.687927	-279.188873	262	
237.614807	103.258965	544	
-407.661774	288.830688	497	
294.480255	-327.122620	546	
-35.266937	-73.941353	72	
159.517227	-9.970278	548	
194.322708	-245.875717	18	
492.194641	328.444244	550	
387.715820	55.171310	551	
-395.317322	0.689805	750	
-65.263901	124.001862	450	
-350.165588	-138.383301	906	
-324.965088	-46.045094	617	
-16.555517	-251.564835	965	
-14.661491	213.168259	624	
-153.243271	-127.314537	159	
-104.732605	-432.991852	559	
-11.242569	-440.797180	521	
-498.530762	446.918610	856	
316.513123	-448.398682	204	
341.924835	-13.662577	465	
-411.852234	136.171875	1002	
437.629639	311.206757	565	
75.942215	-205.348755	596	
-112.867828	279.989777	192	
124.380829	-373.253510	480	
-148.340820	22.013903	105	
-166.938217	-489.228668	17	
-357.091309	-487.759430	999	
7.926881	328.753662	499	
-126.365158	170.678497	316	
363.344666	258.826324	574	
214.671188	196.455963	34	
-480.047363	-227.601822	576	
73.669258	159.530334	527	
340.554108	-216.088867	363	
-19.875586	135.570282	579	
-313.297180	468.632111	930	
452.484070	-388.459198	123	
165.183960	119.467674	165	
-70.514832	493.102539	583	
180.123810	356.447205	913	
66.934349	71.118416	585	
-235.048386	91.071068	885	
-242.379837	-335.259674	372	
-469.721558	-494.705566	588	
429.683197	-14.581174	589	
-148.898071	172.121643	590	
283.291931	124.605713	362	
-272.277496	-210.210297	523	
0.906765	219.274872	624	
-55.230499	-100.601318	594	
-352.541443	466.333038	818	
46.603561	-268.715363	513	
-281.853302	-11.095226	597	
49.220203	19.183218	963	
-335.795105	-51.133545	617	
-85.240158	299.968353	384	
133.946960	83.260300	601	
464.674835	310.982819	565	
414.870392	-188.110443	861	
358.168549	256.659088	574	
157.913864	404.117645	605	
-471.222412	-49.278824	371	
490.712402	168.867889	607	
-382.612457	-281.911865	262	
-250.642914	-117.706985	739	
366.745483	297.052856	414	
-343.744507	-69.000183	915	
-429.628723	-104.325386	612	
-225.723267	-189.454971	506	
-302.542908	-331.286438	503	
20.036161	326.627380	886	
308.948212	355.404968	616	
-170.855072	346.117371	867	
-161.753632	463.504913	618	
366.531067	-287.138000	406	
343.682220	-420.392517	620	
120.801750	-264.137024	826	
481.181549	-193.765762	42	
-347.455811	80.510971	29	
135.796432	277.968109	858	
375.707672	-201.995758	625	
-480.263397	-393.047546	187	
114.486694	-63.902618	751	
378.104736	274.343781	628	
-140.189148	140.874863	629	
-276.189972	-15.442938	630	
384.862061	-394.641205	631	
476.913879	-413.459686	123	
-35.359680	-260.915497	911	
-237.088196	374.880920	882	
-270.103149	250.588593	635	
-476.490723	270.325195	350	
172.526718	-115.188065	637	
-332.338470	-237.083344	134	
126.301285	122.727516	639	
-202.196930	346.537537	364	
-451.087677	231.399597	466	
-464.115448	208.313461	466	
-170.908951	-327.046234	626	
-297.191498	-64.134422	306	
354.494080	165.762421	386	
304.183899	189.271683	522	
360.826202	-138.201599	647	
-146.434128	29.459953	648	
120.649338	-344.238770	480	
28.607607	-46.435715	650	
421.122955	2.476633	651	
-81.002861	38.361191	652	
-496.588409	367.452209	653	
326.910614	-429.739288	620	
25.290489	424.754791	380	
474.259033	228.938705	495	
-306.447296	89.764954	244	
297.658325	443.330811	658	
164.680603	63.980164	827	
-345.569580	-407.412231	202	
-9.282231	-486.289246	521	
58.404686	-67.292122	21	
-165.594940	-63.880531	7	
-216.640793	-236.969940	664	
168.178909	288.320557	328	
218.760971	262.579559	379	
-41.385204	456.132233	862	
60.266972	253.790558	572	
-308.620941	-81.528786	641	
478.252411	72.901604	346	
-281.309937	-436.380615	297	
461.604309	122.024063	400	
-257.120270	456.429138	265	
-108.392654	-260.211700	674	
110.595703	407.967224	537	
254.338806	126.728180	676	
127.020660	-414.657013	247	
-410.532593	145.609970	1002	
-4.755020	336.989044	679	
-34.997314	315.241455	680	
27.348160	-466.068512	939	
103.404404	495.535797	917	
-387.831512	-261.584473	262	
-442.947937	130.022888	997	
-235.034317	-259.381439	685	
-238.800171	494.957397	686	
-479.986450	121.978043	440	
234.959488	211.445450	34	
-296.303986	-293.309570	689	
-409.096252	171.693085	1002	
51.013111	-300.958710	762	
-425.258118	302.445648	8	
-279.505310	414.614136	381	
-177.323334	471.666229	694	
164.646927	-263.368103	791	
414.584412	-2.168268	651	
291.250061	17.845272	237	
253.258698	-247.195221	698	
-139.122726	-43.499203	640	
305.484894	47.404526	700	
-434.666046	-401.582336	701	
-140.885468	-326.840454	754	
148.430878	-106.345741	1015	
-323.837250	216.330887	298	
-166.082443	-119.022163	462	
232.290863	-204.437790	706	
-374.378387	-413.187744	753	
-359.069641	340.070953	708	
367.684540	-299.051758	406	
301.129150	-493.566864	562	
-93.733101	-428.232910	559	
-289.554108	-69.118378	712	
317.070618	-420.687500	620	
-161.690567	-244.524750	140	
331.214478	89.392784	622	
60.751499	-178.316299	531	
288.120209	-52.694679	717	
33.334194	88.235680	905	
31.352997	-44.079750	719	
485.872559	-242.950592	720	
487.796722	163.316315	607	
-411.861450	373.762177	993	
-138.360077	190.832794	82	
-471.204468	-470.857788	588	
-87.717949	360.356750	561	
-323.253632	-78.891785	915	
-263.227081	-290.771576	727	
-116.388260	242.562592	636	
-129.478485	-226.084412	729	
58.379532	-240.211807	358	
252.670639	-252.415070	698	
-481.271088	-164.276505	1023	
215.668732	197.363373	34	
-8.078903	226.158920	624	
23.648680	-361.559021	333	
-355.230896	-184.812668	736	
-412.426758	51.960289	238	
-22.317350	435.572021	467	
-43.972225	-193.906464	779	
390.293121	364.473053	740	
81.607880	117.143753	733	
436.238953	135.872604	302	
-335.367859	-148.458603	906	
-416.141846	343.462463	1018	
-467.773651	-132.888794	1023	
340.951263	11.880339	465	
-429.215576	99.453568	745	
9.845972	-422.863800	96	
191.470154	33.163963	320	
-352.990082	-76.542915	915	
362.337891	-494.935028	292	
325.250732	441.303894	925	
-376.112885	-394.063965	753	
-380.113129	-310.205811	608	
342.045532	-277.979462	755	
202.645187	-437.028168	461	
378.432220	-366.243744	792	
106.179474	143.602249	49	
-230.501205	-164.927597	759	
-261.088348	-17.917664	760	
-427.202454	-155.579773	986	
23.827194	-330.329041	829	
110.729454	-206.441910	922	
-450.826874	-86.555061	992	
-168.920731	-244.509491	765	
480.096588	458.135712	9	
-359.005737	336.567932	708	
401.345428	-57.252586	437	
238.832825	212.246246	34	
-390.515839	451.157867	770	
403.592590	-476.044586	771	
202.766006	47.782600	772	
-56.756706	-341.487885	978	
-210.343384	-292.314789	415	
-174.135864	38.764477	678	
84.092201	18.861055	776	
405.292084	159.855301	909	
-139.751785	61.200737	402	
-41.193398	-199.966431	779	
392.437408	-90.482262	437	
308.150543	-186.889648	926	
-431.716095	-484.123657	782	
-1.911759	-40.880352	783	
-278.549316	248.776260	642	
-141.741959	-425.359619	785	
250.555878	158.732590	786	
-399.010529	64.024628	238	
-212.009048	424.272827	788	
417.739868	-116.920532	63	
-240.265015	-224.483139	790	
52.887978	-416.332581	801	
369.996429	-348.048676	792	
234.887482	150.039551	830	
258.290588	371.490234	283	
489.378937	-270.251709	446	
259.231812	480.304169	796	
-452.054291	-418.706360	701	
496.514923	-130.715393	798	
6.284893	-212.975525	330	
-183.911530	46.759487	131	
35.409809	-400.352539	801	
-432.158569	469.643829	802	
116.149429	204.531311	794	
123.577057	-37.178101	1009	
-120.219078	-47.799141	130	
-289.374817	-288.567352	806	
200.202042	-240.621658	18	
253.803558	-244.106735	698	
231.677948	262.178192	379	
-407.368225	-421.733337	707	
229.102432	113.676430	627	
-50.759464	181.517899	207	
-178.670044	-202.332703	813	
343.458954	421.244324	925	
-262.921844	-198.974762	523	
360.445679	11.650443	816	
-35.882683	-288.147522	817	
-350.917389	465.656036	818	
-296.667480	197.333984	486	
44.606926	289.965759	667	
-67.359268	19.068241	488	
-79.677971	468.308746	822	
-122.352837	-210.361267	729	
-460.496399	-366.902344	824	
-335.818054	-129.824158	906	
241.061157	-269.378510	229	
29.372990	194.738800	501	
77.063141	343.821411	223	
380.646576	-452.846069	292	
446.408203	91.760872	346	
-409.563507	-475.598419	782	
348.141266	-55.276363	274	
-212.636169	322.370758	843	
-475.746277	361.874390	834	
182.387955	-473.943695	228	
141.547379	267.117432	858	
-387.642731	-203.509598	322	
295.019684	373.553589	838	
-56.661903	254.200165	307	
288.990570	200.608368	522	
424.608765	291.044891	478	
79.295158	139.186081	141	
-297.709625	426.549927	381	
-385.075714	450.803650	770	
-339.344147	133.191589	61	
76.563240	-225.261063	596	
-276.907837	-112.903770	455	
64.359840	-317.884125	138	
249.448959	125.454010	676	
481.691956	-85.555466	850	
305.695892	-160.946701	851	
154.101379	418.348480	852	
447.230469	-379.361145	123	
-437.269653	-264.436859	998	
-459.895386	-103.780983	992	
-456.464783	472.782257	929	
314.083282	-304.125580	857	
381.121765	260.234222	628	
321.713745	9.683191	465	
16.505898	-8.624822	178	
411.906433	-202.928955	861	
-401.648193	451.172424	770	
423.983276	398.402863	116	
176.164688	461.133179	933	
-120.850266	-498.762177	206	
215.326309	-455.226959	228	
-173.758148	358.856323	867	
-175.746384	239.978012	868	
4.381239	61.691761	869	
-190.037125	-421.802338	340	
29.989004	490.104065	903	
-410.931488	-411.544098	707	
66.496490	-487.560791	908	
-335.436676	188.603943	407	
498.193329	-432.246338	875	
-271.957703	283.079987	1000	
-69.326431	-390.678162	519	
329.179291	-66.424545	418	
487.919220	437.956696	9	
156.342392	-252.080460	424	
316.140717	277.908569	881	
-226.989899	366.977081	882	
181.051849	-66.526413	883	
487.496429	98.036888	884	
-244.925735	96.230209	885	
23.889839	324.272522	886	
337.478516	-245.053925	529	
-490.076538	-415.874634	187	
422.346405	-427.955414	512	
-103.538811	228.386932	636	
448.773621	44.527710	58	
-8.809864	317.537781	452	
-377.937439	-1.410365	750	
265.374176	-13.913899	894	
-402.710236	241.160339	117	
-3.040999	-234.949799	896	
179.708176	-397.471283	461	
471.779297	-387.547821	123	
197.425781	-465.201385	228	
-138.971024	-68.740189	98	
-227.448318	-119.966599	966	
461.983032	371.223572	902	
18.391430	493.286072	903	
8.273422	258.660309	1001	
-403.807678	355.950043	1018	
-219.658585	-147.090942	162	
-211.236954	-467.382721	390	
52.130760	-495.603455	908	
399.623871	201.822281	487	
-180.838470	-437.148743	910	
-32.913803	-164.597031	188	
-340.461517	-202.614044	736	
169.528610	315.777374	241	
178.108276	-175.949188	914	
-327.225891	-79.756889	915	
-91.399757	200.584534	916	
409.476593	489.347565	979	
12.881637	41.478394	864	
-271.261108	-58.897736	877	
479.394806	260.263794	721	
-338.689575	-272.649994	476	
223.259506	-113.111496	273	
-343.567841	-443.582916	923	
82.890869	234.525375	924	
268.009888	407.299469	838	
309.078979	-184.100266	926	
-296.942841	-274.623688	149	
129.652618	238.257950	890	
-439.355408	466.996857	929	
-306.541138	446.391632	930	
-110.875610	-392.297913	95	
420.192902	330.961578	932	
248.647339	487.393738	796	
-107.120811	70.284668	517	
-138.838165	-161.705460	337	
249.687607	-352.626465	936	
338.797913	-149.569305	970	
417.255829	480.083282	979	
37.192165	-459.272095	939	
98.230721	-265.813232	514	
-80.466896	123.311165	450	
-31.814545	43.504059	696	
403.726349	-207.848602	861	
-104.315727	185.030579	243	
122.167587	-453.807587	945	
255.950394	295.880005	946	
-294.367065	134.677948	183	
380.691772	51.933765	551	
-205.991440	-410.874115	949	
174.322250	187.356598	950	
-498.972443	-393.110291	187	
-64.565063	75.075150	97	
200.803940	-21.198511	953	
453.566742	374.485779	954	
276.614136	-3.346622	894	
437.956085	-247.396194	956	
-253.328384	-41.763275	957	
405.817810	-161.071503	463	
45.047344	132.937073	367	
-274.995209	-192.740707	947	
-360.851044	-191.713150	736	
176.604324	243.721786	962	
257.563721	-55.474251	114	
-369.325531	-101.907524	921	
-311.184143	-325.293365	503	
-206.850372	-387.337250	277	
-306.636597	-140.665649	124	
228.255096	-234.847809	695	
315.080597	310.199554	227	
491.031952	-464.795685	875	
354.339966	-325.646729	260	
324.537628	350.957581	616	
-130.189545	108.521286	111	
-106.115189	239.195770	636	
-207.555054	428.011597	788	
187.658432	-278.838806	182	
-164.524261	-85.475388	977	
-58.470219	-357.220276	978	
386.512268	457.860291	979	
464.431885	448.892303	9	
-150.389282	303.232239	981	
-456.923615	127.769890	440	
-19.736111	497.580353	259	
-138.022873	-108.534874	934	
141.782883	183.910065	985	
-403.704773	-128.431473	986	
163.470322	207.044296	950	
89.979767	-351.425934	815	
281.641357	-464.913635	562	
283.502563	499.518219	796	
320.568024	-150.871063	970	
-468.013245	-107.794670	992	
-405.636932	372.469177	993	
265.260651	-265.553680	493	
-324.646057	376.229156	995	
13.458848	472.524414	996	
-427.275055	135.994736	997	
-453.484375	-274.025513	998	
-336.913971	-492.384125	999	
-262.483246	291.118439	1000	
-239.160217	111.686470	885	
-412.604980	143.673187	1002	
41.720154	238.036270	969	
493.625580	3.296912	74	
336.996124	178.650848	386	
-135.723175	-307.890320	754	
-236.873978	-235.165390	373	
369.019501	-188.649780	625	
123.487053	-25.563717	1009	
-86.959038	211.953049	1010	
-297.886902	472.792816	930	
-159.685822	-439.812134	1012	
370.720551	101.908028	314	
-226.403839	95.533607	885	
410.918121	-67.470253	437	
-75.530769	296.806580	384	
410.544800	-440.067413	512	
-467.384949	428.952087	370	
-119.340179	52.439152	1019	
236.320435	465.480103	1020	
383.099487	-332.406799	792	
141.564972	7.907391	931	
-456.296326	-121.372070	982	
-316.121338	152.224121	183	
327.350555	63.142239	622	
-350.526764	487.611481	595	
163.705643	398.156219	605	
-57.227314	430.771301	722	
33.189953	-188.568893	942	
-401.956512	-452.248444	118	
-125.149933	430.851044	693	
124.449493	72.416008	990	
434.236755	116.119682	302	
345.932007	299.998352	414	
-146.839081	127.348839	831	
-207.080460	276.822083	728	
-470.515259	-59.472233	371	
325.982574	383.300476	301	
51.432491	-83.509598	195	
329.321503	14.533877	465	
-427.309357	389.383911	993	
-16.347021	13.833404	40	
-97.477318	-51.929832	10	
200.020309	-205.997787	560	
149.742004	147.163086	394	
-337.394043	440.082611	818	
163.081406	469.567352	933	
-438.286957	295.549927	8	
-108.883980	-153.017578	854	
-468.049866	-323.696075	824	
220.535751	-251.005447	695	
-160.027588	232.647537	868	
31.825066	-364.829773	333	
-160.202621	335.190521	981	
447.768036	-15.067458	589	
-316.912476	147.538544	183	
-304.770874	-189.380112	448	
147.898499	-127.667038	410	
483.868347	263.448944	721	
236.328659	295.399139	353	
-496.677216	15.934885	500	
-340.299133	355.907257	419	
329.912354	-112.267670	672	
448.194031	227.529709	715	
-139.522141	175.297729	590	
-80.075172	358.385193	561	
-80.545578	-446.385651	711	
-111.448616	201.512878	510	
-346.801727	185.381241	407	
-235.172394	-78.290108	675	
52.760841	-74.967323	21	
-410.311371	84.733543	745	
-140.736008	-85.354118	600	
264.009521	-137.160095	524	
-496.054382	223.317749	33	
228.814240	-356.757416	936	
-398.778656	62.696995	238	
284.248352	451.248413	658	
339.608368	-395.553314	620	
158.417343	-130.725708	410	
-227.374588	422.035156	788	
-97.231659	-488.276215	206	
-111.181465	-129.012222	157	
262.601074	-365.002716	87	
363.913300	-361.057098	792	
140.523193	367.757141	1013	
-224.481644	468.978455	265	
464.127899	253.226822	239	
-145.749725	92.835190	111	
-70.246071	-248.747467	76	
426.967499	23.877918	651	
349.213715	426.646301	925	
-143.806488	-184.535202	36	
-222.180817	-421.934143	949	
62.284767	441.979095	308	
70.068062	82.502304	425	
221.094009	358.020721	180	
-65.183075	322.148560	704	
-400.211761	-323.601166	608	
369.206238	106.152771	314	
-492.101440	33.120274	500	
-431.373993	-117.665977	612	
-358.922791	238.527542	479	
84.516167	-483.653290	28	
-337.047516	78.631462	29	
380.331696	-351.300476	792	
-34.532009	369.793549	836	
-480.417236	-195.389572	576	
-173.075623	-95.601318	294	
-272.898804	-226.395065	669	
-121.469437	-218.496536	729	
-446.162170	-149.870514	1023	
155.791397	-8.793324	548	
73.209763	-424.277130	247	
68.693993	-261.324615	514	
6.157398	-380.992950	99	
-473.876923	84.475037	687	
-95.890549	104.057785	349	
104.244408	430.982178	203	
480.778229	-341.916656	164	
463.464783	36.613880	58	
-20.728319	90.451721	470	
-122.587440	-253.756851	674	
-485.919067	319.452942	460	
167.096024	-111.853035	637	
398.742554	394.304321	116	
-220.911346	420.427368	788	
29.228210	-175.463135	942	
-416.021759	428.781281	37	
-456.873077	409.559479	370	
-224.119461	373.024292	882	
290.137634	-147.704041	50	
154.524200	229.708496	768	
-489.882538	243.789429	33	
-58.566391	-89.114487	52	
-388.574890	-190.371933	322	
400.423645	88.716743	186	
-226.102798	-382.055054	277	
-248.571457	-298.076813	727	
-340.057983	-254.949890	134	
-273.461121	20.930649	797	
329.749573	-188.931702	926	
-476.587921	465.592499	856	
-36.682278	475.709961	862	
222.676270	-82.856445	136	
-129.818176	28.568626	703	
411.991730	-71.007729	437	
-125.771042	202.889496	82	
-338.996948	454.317993	818	
376.558411	-385.739960	631	
1.673281	-159.201080	457	
499.812439	-329.451477	164	
350.247559	-306.039398	406	
-69.608810	157.278366	133	
254.324310	-120.045364	524	
-10.857105	250.136490	582	
33.589600	162.128143	871	
-333.246979	-463.642883	923	
417.861389	-302.639801	445	
370.893005	-426.081390	193	
-431.025330	75.591866	745	
287.987000	75.404289	64	
318.067596	-74.348152	418	
313.740723	356.043030	616	
285.123840	110.367355	64	
-326.349579	-400.489746	202	
-409.254333	133.099854	1002	
-63.166798	299.852905	704	
-14.189779	217.714310	624	
-10.894775	88.607254	470	
106.660309	157.581924	49	
-434.985718	-54.431080	371	
193.916794	-236.363434	18	
16.779900	-422.622681	96	
496.921356	362.501160	550	
357.017395	-463.848419	292	
-32.750011	-373.102753	978	
239.610733	63.730476	758	
-451.671356	-450.459320	782	
54.406704	38.645924	705	
-365.596649	-354.693787	189	
-210.008118	-289.679535	415	
-479.015259	404.237274	370	
-322.370575	-78.982887	915	
-309.682831	-82.061531	641	
313.372253	-225.044098	420	
35.937668	242.205856	969	
391.602875	-18.183350	274	
-452.878967	30.145287	246	
420.353485	-415.448029	304	
-117.806854	-281.044647	377	
1.614749	8.947253	485	
-433.394714	29.931963	246	
395.232391	207.561371	487	
301.236816	397.878540	838	
69.742378	211.250839	972	
-125.600456	-252.811523	674	
-194.046082	-361.208618	626	
301.238770	-314.087585	857	
-153.935699	-393.734161	170	
-70.464287	-11.541009	775	
158.313339	490.073730	933	
-402.588562	-443.320984	118	
-59.253246	451.911377	862	
-294.900818	253.148193	642	
-112.609894	-177.109421	773	
344.636902	197.290115	386	
-455.910431	-496.755951	588	
225.358902	304.482819	353	
436.773468	-349.452881	898	
-267.259918	80.082832	329	
247.662003	-261.603790	493	
271.531097	-164.192383	233	
-174.667770	276.554352	269	
86.694717	481.653564	917	
245.935791	-130.956345	524	
116.427658	-286.319458	103	
234.108032	-242.229874	695	
490.579773	483.129028	13	
-67.036095	419.902496	722	
481.613922	-347.357422	164	
-481.277130	400.304565	653	
-454.094421	171.835724	31	
-370.232727	497.167938	595	
-334.459625	83.862663	29	
454.461700	-170.201538	24	
-433.726379	446.226135	929	
375.375641	180.334152	780	
187.721725	170.913940	288	
-195.449356	-396.122162	277	
-428.073303	-414.508240	701	
-80.614418	-395.785370	519	
-494.759308	-349.879791	187	
426.903412	-220.112503	429	
125.120461	-54.572136	263	
-195.008911	-100.110413	71	
-146.094620	-33.836811	199	
116.500198	-158.461151	374	
-363.134857	-470.739441	999	
140.359100	-166.188812	661	
-436.244415	-94.262123	612	
139.794647	325.123474	1013	
-383.861755	330.364166	708	
-235.682434	257.267548	545	
-90.335159	-117.611977	723	
-361.125244	187.379120	407	
-302.116852	-458.715485	54	
-296.882324	157.784698	183	
388.686310	294.649841	153	
-254.831131	-64.991058	323	
205.529266	-1.235485	539	
-248.618576	-361.440857	57	
401.448181	-245.302612	713	
201.635178	19.014954	539	
281.709656	428.679810	658	
-192.788010	-432.445435	340	
-267.396088	-234.562241	669	
124.159035	-31.444609	1009	
-142.746979	-142.758286	159	
-380.392487	102.410553	764	
-284.226746	-192.060150	448	
217.676819	59.321285	772	
-455.296112	-39.230556	371	
-297.904877	-337.595398	503	
-383.246063	444.114258	770	
-86.199257	-248.673737	6	
-101.773293	-16.069830	321	
-76.062798	-391.910767	519	
-392.567627	-34.657776	494	
85.577431	84.949730	532	
-1.268595	300.723022	73	
410.649902	18.399834	651	
-38.872452	63.103737	741	
-233.697418	265.198883	545	
90.492607	381.952759	327	
343.362396	-204.246460	363	
-336.213226	193.980270	407	
249.648926	-382.082550	87	
304.066406	-274.650177	654	
-284.274353	310.927216	217	
-270.204529	-190.341354	947	
51.805138	-279.691467	231	
-66.863922	181.436127	108	
275.236420	447.738708	658	
-220.258560	38.231312	844	
228.360657	-118.406296	273	
-71.693840	45.380474	652	
112.181839	-204.970627	922	
404.146729	-400.904205	304	
161.453903	-185.178513	873	
-496.289215	44.616936	500	
-353.309296	-403.577881	202	
308.070435	29.558182	45	
-467.446106	-195.205383	326	
-477.763794	84.536072	687	
393.871307	-187.103271	387	
-438.739990	241.202896	449	
422.628937	-146.615265	508	
401.915314	-242.468506	713	
-393.448486	418.985352	59	
-377.885040	422.696167	59	
-52.662937	-430.613129	26	
492.867706	377.457275	902	
-280.165588	410.011169	381	
-105.460136	432.247406	693	
-392.523438	326.118713	708	
-297.993011	387.378693	85	
341.917877	310.007629	414	
276.858154	211.922943	60	
310.894257	318.474457	227	
-340.248169	440.589417	818	
-446.773651	-112.073509	982	
-456.877014	-119.205833	982	
62.577785	100.628616	920	
-113.172768	495.168457	673	
295.612701	-397.354980	453	
17.294943	-195.347961	942	
480.180023	-353.430084	164	
296.449829	423.428131	658	
370.251190	234.322372	359	
363.037933	394.074188	301	
278.520813	447.300568	658	
263.390533	490.423553	796	
125.717636	53.001343	553	
-101.944176	439.828583	693	
-397.358551	235.441269	117	
133.345779	-247.263794	570	
-448.571167	-267.083771	998	
-220.480438	-470.633911	390	
-280.466797	399.617310	381	
478.021271	262.655212	721	
177.098816	41.176022	320	
264.102814	-195.433411	258	
-268.099060	430.284210	381	
-199.672318	-171.659943	644	
-136.077103	-69.018517	98	
30.163109	-435.672729	96	
-498.944672	-384.243866	187	
118.517517	-104.724319	592	
-340.592255	114.808861	61	
-65.379623	92.830124	520	
103.907166	-230.071045	860	
220.494507	-465.968262	228	
327.505402	-234.067291	529	
-12.482375	66.260399	1007	
-412.641571	430.183289	37	
-77.359497	-39.653599	163	
-489.341217	-38.598270	371	
331.593262	-420.080780	620	
181.893890	-260.673035	791	
-68.188217	173.947327	108	
444.384918	-222.145493	469	
498.134064	498.348999	14	
-143.550156	325.854431	981	
145.049805	-186.627930	661	
-238.010162	-99.269508	507	
-190.088654	323.371002	843	
-77.839851	334.029724	892	
150.165085	165.623062	985	
-226.554337	-152.483078	759	
11.535109	279.328705	20	
-157.545273	223.713638	868	
-56.696682	221.847717	489	
78.183655	-421.702454	247	
478.996643	223.347366	495	
446.070068	485.337128	938	
343.326752	-204.751495	363	
-299.070129	217.408661	298	
-480.065308	-132.426270	1023	
418.858704	141.019409	302	
-442.890259	-347.445465	824	
369.308105	-4.990726	816	
459.360962	438.312592	9	
-452.237152	16.496241	246	
462.019196	-4.507154	589	
-310.352386	-58.437080	423	
318.006531	-215.110306	420	
-230.263626	-14.180451	730	
55.496037	5.754232	213	
6.878674	-75.387032	1021	
305.778259	-18.277317	389	
384.006622	-148.969208	647	
185.948547	-189.608246	560	
-290.261749	-141.845398	430	
311.825439	-179.826202	926	
-362.740021	9.821415	750	
-51.968307	-172.172073	865	
-445.948090	97.564278	745	
-122.519226	-346.939697	90	
-431.516632	159.938995	997	
-99.494637	-34.282715	321	
385.081879	-150.276123	647	
364.667664	-464.327545	292	
282.566010	-254.589294	493	
-283.039429	-442.763855	297	
-353.151978	-305.503845	606	
18.298388	142.527817	492	
-325.361572	196.579758	407	
-183.201965	-425.939484	910	
464.711853	-357.456116	164	
-462.761353	43.049274	246	
91.488121	-71.868866	716	
-3.231585	-207.201218	248	
212.440430	-424.635223	461	
-213.732925	-207.674622	787	
-319.732483	-60.826599	423	
84.089401	457.471802	308	
-184.260849	-367.889801	626	
144.953247	-51.091789	295	
-372.772400	-86.379913	121	
-230.559052	-49.141258	2	
377.371552	-457.653137	292	
335.026093	39.115311	604	
328.353058	-248.444260	529	
-432.909271	37.822842	246	
-136.935440	218.090363	331	
353.534515	-197.820251	363	
486.532318	117.918907	400	
316.109894	-237.127869	420	
219.747955	-109.900269	273	
265.929932	159.540710	777	
-144.838837	36.912262	919	
-127.476486	-128.061646	159	
182.684662	-299.708618	312	
-431.789398	-232.617889	998	
246.061859	130.446671	676	
363.086578	-16.018778	274	
437.583099	-29.486418	589	
-355.810242	-213.376526	552	
299.704681	-493.628571	562	
368.839630	272.301361	628	
-111.166656	-372.537476	95	
451.173950	-0.013947	589	
-447.370178	-317.329285	824	
-94.358536	-249.118713	709	
-203.524078	496.943176	694	
405.400696	360.029755	740	
316.505249	297.612854	227	
-154.471283	441.802612	618	
-362.575653	241.507233	479	
-180.580353	110.346855	515	
-339.044312	499.180206	595	
39.403976	450.354156	975	
-210.209427	-497.015991	17	
-259.531464	-91.374550	554	
-41.471333	205.101364	200	
-192.964554	110.502068	515	
139.523453	-72.992653	173	
-57.474941	272.536102	307	
32.150089	409.960388	380	
128.146591	-270.619934	826	
-3.555536	-109.664230	666	
-7.795125	429.739716	467	
487.951324	-280.469727	795	
166.368484	-40.001183	214	
95.666946	418.527496	203	
21.908642	-274.437042	168	
-191.819962	365.086365	867	
392.064331	-192.388535	387	
-82.248810	339.761566	892	
184.945282	-32.091827	889	
62.486290	464.352600	308	
-60.792477	-43.442490	100	
-233.717087	-55.491180	557	
-403.657684	-389.122650	441	
-164.972839	206.544281	388	
-221.186646	-271.547089	685	
333.101624	36.632954	604	
314.397278	-71.302711	418	
68.229019	346.448486	223	
-267.978821	31.393826	797	
-374.806641	-406.119904	753	
-91.298637	33.087612	634	
121.949020	299.370514	266	
-445.273010	395.712860	834	
447.503815	-269.260010	542	
258.808075	9.553313	102	
295.675293	-157.345001	268	
197.628922	-342.947723	866	
407.193970	225.281296	715	
456.520630	457.302460	9	
-26.244610	-417.504150	897	
455.342834	-8.802801	589	
393.487762	-386.853760	631	
-223.858475	-332.126770	372	
269.672638	-384.622986	87	
469.748016	374.185089	902	
-101.723671	169.860367	243	
-136.562378	-132.510727	159	
257.296204	-225.316757	698	
497.603302	-268.796173	446	
269.304230	204.959213	60	
134.885193	160.302048	603	
-466.446136	53.789795	246	
-268.406952	329.931305	484	
-174.654938	99.603951	833	
149.837082	69.351913	540	
-16.117573	467.628296	738	
160.582779	-168.934082	433	
494.335419	-411.637848	123	
-446.630646	-414.034546	701	
-430.294250	355.269684	1018	
-331.462006	-9.845108	907	
258.567444	23.708761	102	
-38.256855	255.301773	582	
-167.207932	-419.353149	910	
-180.781998	230.483948	232	
-320.170959	-285.633636	476	
210.300446	374.949158	283	
108.261108	369.284576	327	
280.904999	422.653900	658	
-315.247223	492.359650	930	
-206.440277	-339.102386	372	
-437.331238	419.465057	37	
-114.432426	-118.791786	157	
38.397728	214.000290	793	
-209.168228	-466.781708	390	
112.617790	-286.952667	103	
402.032013	423.347778	116	
22.512257	31.608879	428	
-268.645416	-187.486084	947	
-473.837616	-2.733320	500	
176.239853	290.826447	328	
316.472229	353.495178	616	
-19.586681	-260.937256	965	
399.656250	277.460449	478	
-100.454002	-431.707794	559	
129.919708	180.909988	985	
-425.340240	82.942009	745	
-105.651054	-394.545746	95	
83.322701	-163.191162	145	
194.950348	-137.028778	846	
298.937561	-460.788940	562	
-436.177551	355.683258	1018	
-251.827576	-163.903381	158	
313.730591	-264.247162	654	
-406.710999	135.298843	1002	
-93.934296	-234.781479	709	
431.889771	-160.121704	463	
-118.938416	234.227234	296	
-138.157700	-182.450089	36	
155.136948	-487.499756	278	
-54.301708	311.437836	704	
-472.913971	375.260284	834	
-38.031071	-376.567322	978	
-364.085449	437.163239	59	
87.320625	-469.547729	28	
-392.981079	-63.482018	121	
-192.372803	-131.592270	702	
-408.822510	249.469345	449	
480.182037	-388.688385	123	
-294.004547	266.448547	876	
294.780090	-287.853149	447	
-77.224258	-260.767120	76	
406.454681	201.201797	487	
226.230270	337.116364	180	
281.758667	-75.563011	581	
-27.414083	31.455935	696	
-71.368279	339.083130	892	
224.555786	430.260590	252	
254.707031	410.442657	252	
-397.591736	-383.561890	441	
-37.390320	411.218170	722	
134.248917	-166.006088	661	
181.148468	-259.551392	791	
351.480652	466.678864	318	
458.976135	248.437531	239	
-403.076111	-278.976532	262	
171.389633	149.655167	88	
114.263062	-125.789078	761	
-193.394180	-371.082001	626	
-389.739777	-268.673737	262	
180.363174	193.935928	950	
-37.386982	-171.815125	757	
-15.904247	-490.666656	521	
-293.219727	360.814026	85	
266.581177	319.790192	946	
250.819092	416.714142	252	
-233.487122	88.103714	885	
121.289848	-297.633209	799	
406.327362	8.972586	651	
-398.192383	119.232834	1002	
-86.274055	-200.403992	1017	
136.862457	262.209045	858	
-306.007080	-253.695221	134	
491.571960	-46.914936	74	
255.829865	-280.333771	229	
-231.474670	470.485321	265	
-497.755768	-263.001801	148	
-114.381668	358.287994	286	
-356.796661	264.615417	479	
-470.293640	366.423004	834	
-352.464386	-219.851044	552	
459.300812	417.011444	496	
-400.749146	-388.995667	441	
-251.465729	-397.423676	30	
-241.368271	358.406189	895	
-411.480621	-373.068481	441	
335.121155	-370.824219	710	
-330.173401	14.794111	279	
206.898865	157.997437	937	
252.943756	187.703781	60	
-81.778526	335.239410	892	
-116.904793	294.540161	192	
-389.822052	393.791016	993	
-416.434540	-357.674683	441	
10.038078	-99.042953	666	
-343.823120	-10.523587	660	
272.800995	-175.402435	233	
126.423302	-5.575836	575	
-161.666367	-298.676941	415	
314.859344	454.266846	658	
-342.191956	-127.511681	906	
280.905731	255.583527	610	
-178.985214	365.761444	867	
472.128204	449.326935	9	
225.817978	-40.635021	464	
-162.086105	115.541817	855	
-423.058624	-111.657173	612	
445.144653	-485.233856	201	
-171.857986	-146.900208	444	
-130.863159	-332.040863	754	
-402.164581	-174.232834	322	
161.773376	-393.327118	197	
-479.748444	-72.312355	144	
-227.479218	-100.184143	507	
167.115326	-374.366180	197	
-37.333130	-36.452293	543	
247.694916	40.489079	758	
-142.679565	-14.366269	199	
-38.629860	313.775787	680	
266.742950	-317.087402	677	
-473.617462	-219.251984	576	
158.510452	442.521454	852	
-453.778137	462.773010	929	
-200.305252	-264.706238	504	
2.494514	402.409088	380	
-335.340698	-134.924026	906	
-57.634117	-387.229156	519	
-391.584686	-29.908716	494	
289.230896	431.461456	658	
323.146271	198.204346	752	
-474.979248	224.586899	33	
52.662373	-116.902649	191	
-313.023102	-70.680771	564	
-251.020935	229.013977	154	
210.797073	-268.491486	182	
-201.751144	-103.832184	71	
-150.751617	338.533691	981	
440.736938	446.949005	496	
-482.140686	236.179886	33	
408.757385	59.326172	551	
482.568085	84.346893	884	
-162.873184	-362.990692	170	
134.206955	-176.013794	661	
394.060089	72.965263	186	
-110.792992	-216.237701	729	
286.763000	82.011162	64	
49.394966	431.259583	975	
-75.202225	371.996521	561	
270.291870	389.855865	838	
-452.752625	298.613251	8	
-477.592743	281.181335	350	
222.154022	-381.691833	249	
304.998169	252.515137	610	
-182.838470	146.575211	743	
58.338882	-464.217773	28	
-468.975250	322.545227	460	
399.878387	-128.059769	63	
107.265770	296.738037	266	
-238.397873	67.029892	16	
152.118378	114.277245	165	
101.960838	136.684540	49	
-363.849823	-141.161407	921	
307.348785	-336.163239	546	
302.533630	-19.001692	389	
-129.316269	-460.662811	1012	
-277.403870	-429.638092	297	
156.519714	470.240356	933	
-478.297119	77.506065	687	
-241.117416	339.108215	895	
-114.081886	-8.773417	321	
-188.433105	-406.812592	277	
-481.602997	-270.662415	148	
343.535309	-463.313599	204	
-78.811287	339.220032	892	
145.417328	-290.096222	471	
405.428223	-67.500084	437	
487.984344	-410.980347	123	
-57.519257	-389.277435	519	
193.715149	-130.394852	846	
11.979401	255.523270	1001	
444.520935	-432.909882	151	
-486.252930	-414.512878	187	
-58.188290	429.022430	722	
-466.286865	-149.788849	1023	
-393.387146	495.628479	55	
-281.150269	401.056702	381	
-98.551453	389.041077	725	
54.287674	-168.478195	531	
-215.367111	-474.763031	390	
354.086334	37.216366	94	
414.766296	-18.262655	589	
-431.366241	-4.515588	39	
-48.161209	437.296143	722	
371.730194	471.009247	318	
-369.158325	-422.377899	753	
99.856911	-203.528168	922	
1.372099	197.920380	980	
-8.093089	-247.791946	965	
93.164322	36.840977	776	
-435.973145	-109.072716	612	
-209.587372	-194.306396	787	
83.888535	-125.672638	781	
462.851593	326.166138	565	
-229.162994	197.896362	109	
429.033569	328.738037	932	
82.858681	-71.405022	172	
-362.259552	429.967041	59	
81.663307	-78.126015	172	
-142.892059	-484.961700	206	
-342.210419	-420.934845	202	
-4.312426	-130.522217	83	
-184.677094	453.366272	300	
130.442673	416.217865	537	
382.858582	-312.945099	406	
-393.716248	-383.911499	441	
-92.668953	198.947128	916	
-495.149841	336.687561	460	
-199.710312	-81.649124	534	
347.937225	275.458801	411	
432.425751	433.248413	496	
-92.158440	-71.064056	80	
-311.049042	244.258881	298	
-155.612289	-125.298439	159	
-174.009354	-242.439865	765	
-494.510040	-136.156113	1023	
13.727307	271.174957	20	
-49.440323	276.025116	307	
-182.640915	-423.685211	910	
106.032494	424.252045	203	
409.744202	356.677765	740	
-207.478943	-235.480637	664	
-455.224304	-46.529682	371	
250.396667	297.858002	946	
-127.764526	-376.151306	95	
-318.870819	-370.661346	0	
-393.888641	143.065994	555	
230.040726	-406.374329	249	
-309.342346	-89.015244	641	
-430.374573	-482.982758	782	
224.052078	426.761444	252	
-188.272949	-280.717529	32	
-171.661972	-235.941833	765	
-410.792114	-485.545197	782	
-275.220703	-113.309708	455	
117.910858	67.819473	990	
-125.113693	173.930817	682	
403.036713	-96.028481	437	
-292.787781	94.629166	244	
87.702515	164.254608	527	
392.444794	-111.693352	63	
-446.135071	200.033722	466	
-20.195633	-471.628265	521	
-140.785843	-382.420380	170	
-463.518066	-157.641083	1023	
337.598450	460.269745	318	
268.053528	-164.843948	233	
-158.425323	-261.807251	900	
-491.278564	-54.595055	371	
-413.147064	-466.892548	782	
-317.998322	425.552246	381	
-296.088165	479.417145	930	
-54.895519	-40.778458	100	
450.355286	318.435669	565	
-29.939056	354.917633	303	
-123.543144	192.516022	536	
350.672241	-39.430382	274	
498.818390	302.144287	721	
50.936104	310.865692	166	
197.682983	397.718597	252	
8.684456	-420.279694	96	
207.992554	-216.367874	541	
107.334373	228.736633	890	
35.047947	179.091934	48	
80.341164	-350.847137	815	
467.993195	25.609732	58	
-184.084946	-123.718025	462	
498.992920	-124.899628	798	
420.263519	426.036469	496	
-213.060913	123.719452	611	
186.722107	-367.596069	197	
-487.942657	340.396454	460	
-183.190262	-52.269131	443	
-419.216309	482.778778	802	
163.193344	63.119949	827	
-399.479401	31.113148	174	
-269.636078	347.028198	484	
320.776886	346.021118	616	
-286.665924	266.284637	876	
-83.243011	-446.776245	711	
17.898500	239.945892	969	
198.760330	252.003189	962	
-336.745667	-431.187073	923	
-143.515045	-350.403412	90	
-271.192535	312.789917	217	
-249.717087	413.310516	245	
297.368042	-356.325531	546	
220.735199	464.451324	1020	
-480.797241	-322.214569	824	
-256.293213	94.542442	885	
-408.069733	-387.559052	441	
-427.442291	311.201263	8	
393.581635	474.455658	979	
-337.663605	-169.059433	399	
-86.129990	59.748055	385	
-271.476440	310.030945	217	
74.290276	107.399048	920	
267.085205	-171.865768	233	
305.901276	-152.662994	851	
111.001968	91.043770	659	
-30.673504	182.974045	397	
-432.403137	255.531723	449	
-82.129601	149.113358	133	
336.956848	311.449768	414	
-94.360023	-274.680206	538	
287.113007	-46.156647	717	
-418.103455	-471.866364	782	
20.354568	295.218811	656	
423.263916	101.120117	186	
3.958702	-287.877930	756	
179.195877	181.448578	950	
466.873993	249.045425	239	
-434.246552	-333.084167	824	
-360.911469	-496.127289	999	
43.364166	-90.487328	195	
7.387877	-303.374329	23	
-218.557510	-221.477814	664	
162.896149	298.876770	241	
-127.515915	222.140671	296	
-70.591003	-273.900665	994	
-422.622345	405.295197	37	
-91.679604	372.169189	725	
-5.205125	437.922668	467	
-269.617279	-422.988800	297	
277.420349	120.375397	362	
49.777805	-372.236786	242	
275.978638	-90.794296	581	
-469.686951	-427.898132	701	
-420.133698	-55.414051	121	
230.539673	373.994934	283	
93.335091	451.372620	203	
-362.420929	-140.306976	921	
-69.131523	354.487885	1011	
391.073700	-415.129395	512	
-144.848312	362.290985	135	
-271.257690	-87.931213	38	
-201.041397	-311.952576	415	
147.697098	-281.639557	471	
295.312347	-201.773224	272	
165.068207	-471.233582	278	
260.923431	122.101486	676	
262.073883	259.680573	809	
135.393494	-309.450958	976	
-53.364159	-418.377228	26	
-165.110611	-63.225536	7	
343.518311	165.516739	386	
-20.089537	464.475403	738	
25.508345	112.172485	1014	
143.208084	-92.515167	803	
-294.506226	-427.446930	297	
141.774414	333.476471	1013	
-470.572296	95.550362	687	
276.773987	-269.056122	493	
-121.391830	177.579758	682	
-434.687073	-487.530884	782	
114.308655	355.987427	223	
75.373169	-164.102142	145	
224.485092	361.406219	283	
-408.042480	4.614234	39	
257.656647	210.108047	60	
-47.877758	-148.117569	812	
268.689331	-118.689865	524	
344.936981	-341.915863	260	
-388.266357	36.692322	174	
-39.846897	102.005241	477	
-254.652969	-283.686066	254	
196.057739	291.687134	328	
-388.756226	16.172291	750	
-361.397705	108.129799	912	
73.445618	-134.213562	355	
-419.157959	317.908630	8	
-78.285042	86.597977	718	
-141.861740	-68.465080	98	
25.505484	43.268562	804	
-129.547592	-496.578308	206	
-272.131561	-251.231277	669	
441.271912	444.826416	496	
490.573242	-443.929810	875	
401.280762	-305.327515	445	
-183.397476	268.118134	269	
-57.967693	348.960175	1011	
419.344543	-229.324844	429	
277.966919	128.813385	362	
294.673370	-345.681122	546	
-151.927765	24.771273	648	
3.476322	252.639709	1001	
375.194305	193.911606	335	
-461.400543	184.484833	31	
218.176849	85.765602	958	
-494.115967	402.368073	370	
159.377640	-155.599594	433	
-369.220093	-236.255081	552	
-311.219849	-458.288177	54	
178.315277	336.385254	913	
211.119049	-315.542542	866	
247.344437	187.933746	60	
-467.661407	63.128113	687	
-237.840836	101.727547	885	
48.049927	-180.095581	66	
-471.386810	-174.211563	468	
-222.705429	485.166077	686	
-125.063896	-384.053986	95	
243.252808	-195.273849	258	
240.382843	483.041473	1020	
391.831879	194.160522	487	
68.052116	-58.495045	172	
496.912048	-26.156425	74	
-380.316376	236.002747	117	
426.940033	-215.947327	429	
-180.037979	-187.334122	935	
115.352097	89.960457	659	
-244.857407	464.896545	265	
-341.321991	208.149307	407	
-396.074768	-51.467808	121	
385.557709	-159.635925	647	
351.647614	408.416138	301	
5.671322	405.328217	380	
222.823090	-474.988129	228	
41.702389	451.951935	975	
180.486145	-228.086090	18	
-354.941711	387.266052	419	
94.796539	-357.591370	12	
-339.519165	-198.913330	736	
-469.108765	-94.988106	992	
384.343140	-209.430389	625	
-68.044487	-357.782776	978	
-78.927162	147.888535	133	
384.033752	-129.288406	647	
-417.002594	412.413940	37	
66.013756	92.900101	132	
-138.304062	237.958374	331	
247.338593	-167.245056	832	
-402.122253	-6.764233	39	
-343.433716	24.127007	215	
163.787003	-91.529846	25	
11.371792	340.425659	679	
-232.627274	-238.501495	373	
428.701874	-354.467743	898	
115.042923	-271.470337	826	
-246.664169	294.543396	342	
-336.457336	-343.760681	189	
461.015533	403.577911	954	
400.897095	-498.544342	771	
-358.134735	-341.978058	189	
287.845306	321.808929	227	
224.394974	-166.819275	3	
303.161926	100.553452	64	
29.817284	29.255331	428	
127.184273	-355.701752	480	
136.965271	-102.365913	1015	
-260.353699	61.176777	329	
80.285728	22.192299	776	
-246.319855	-76.910614	323	
-79.689682	64.954636	385	
-388.932495	-147.200043	921	
-289.705139	-422.805054	297	
-350.052124	380.356842	419	
-148.900604	-89.825836	774	
197.783173	-462.641571	228	
-227.003372	174.323685	491	
142.753479	413.970001	852	
-331.250336	-5.744248	907	
98.323761	247.935898	828	
-470.646454	-331.753784	824	
118.405220	-220.686279	922	
-470.734100	-10.391415	500	
273.307251	139.556473	362	
-382.097870	490.655853	55	
491.752319	188.439011	607	
-490.099243	461.435669	856	
-74.316742	104.189156	718	
-97.357483	272.938782	192	
401.794067	-128.737427	63	
324.035034	-99.383888	107	
-188.769394	-480.978638	17	
-348.773865	-451.712738	923	
-431.583405	321.594604	8	
365.963928	439.496704	318	
-426.314575	431.249023	37	
-181.234634	441.149780	300	
-261.831024	-133.166992	343	
-428.457367	269.475525	449	
-100.827995	171.269653	243	
-25.262714	-4.695326	744	
218.548767	306.535309	353	
-258.325989	457.761414	265	
-245.592209	-473.821960	390	
406.698059	392.141998	116	
49.644234	465.827393	234	
381.029358	-215.407227	971	
-326.149780	22.761763	941	
-429.139832	94.304382	745	
240.808960	493.476379	796	
282.020325	-31.786293	391	
-276.152222	-313.237518	285	
184.696609	-71.563515	883	
-306.167267	182.844284	486	
24.563431	89.542389	690	
294.790802	-360.813416	546	
496.267212	-479.784058	875	
-361.106689	-305.933838	606	
148.352448	-235.073685	424	
427.287170	-494.264709	201	
377.491547	287.755615	628	
-176.999451	-488.396637	17	
75.044868	196.299973	972	
284.850647	390.132721	838	
-479.165558	-85.303871	144	
-351.039825	-290.513062	606	
-257.086639	-294.245911	727	
121.459305	-155.352600	374	
22.767008	492.999908	903	
-481.620880	420.287079	370	
7.467628	297.778595	73	
-35.230160	-379.220856	978	
108.834564	195.824020	794	
-318.664246	-19.325287	907	
-63.318760	1.509130	488	
-218.430878	150.469299	416	
-234.356400	393.382660	245	
-230.065979	14.841974	844	
-31.709433	-462.390991	521	
431.573456	-444.011841	151	
-99.408356	63.455761	517	
157.365387	-471.774384	278	
425.742493	137.060165	302	


-318.870819	-370.661346	0	
-314.428253	-216.790939	1	
-224.996277	-50.342934	2	
224.394974	-166.819275	3	
348.608917	70.959091	4	
-243.862991	-136.580704	5	
-86.265022	-247.923584	6	
-166.608276	-62.552658	7	
-430.318512	309.423096	8	
470.076263	448.321136	9	
-97.477318	-51.929832	10	
-19.990475	236.116409	11	
94.796539	-357.591370	12	
490.579773	483.129028	13	
498.134064	498.348999	14	
500.000000	500.000000	15	
-238.397873	67.029892	16	
-183.754395	-487.788300	17	
192.231918	-237.736725	18	
64.488945	-24.146111	19	
12.631208	275.251831	20	
53.841694	-72.971031	21	
500.000000	500.000000	22	
-5.254030	-310.134399	23	
450.267242	-167.044434	24	
163.787003	-91.529846	25	
-53.013550	-424.495178	26	
500.000000	500.000000	27	
76.725227	-472.472931	28	
-340.148376	75.156113	29	
-254.672668	-395.280914	30	
-462.958984	170.812378	31	
-188.272949	-280.717529	32	
-484.604492	224.947830	33	
225.735748	204.049881	34	
204.322418	-47.832115	35	
-136.469406	-186.534988	36	
-421.989014	421.231293	37	
-271.257690	-87.931213	38	
-418.590118	-4.030238	39	
-16.347021	13.833404	40	
-313.746948	9.273588	41	
479.454407	-187.824371	42	
173.694427	-19.188046	43	
500.000000	500.000000	44	
308.070435	29.558182	45	
101.375816	272.655243	46	
218.352432	144.235428	47	
38.024426	176.998535	48	
104.933540	145.956238	49	
282.145355	-148.423950	50	
-220.929916	-67.744911	51	
-58.164848	-89.566086	52	
470.531921	-240.900543	53	
-293.475555	-475.380432	54	
-395.877289	491.474274	55	
-71.299194	-212.003479	56	
-248.618576	-361.440857	57	
470.493256	42.007038	58	
-374.123627	426.112488	59	
261.923370	203.506302	60	
-338.695190	133.006683	61	
500.000000	500.000000	62	
405.106018	-118.919235	63	
288.580322	93.050888	64	
-91.597649	184.771362	65	
48.049927	-180.095581	66	
500.000000	500.000000	67	
-12.757092	-158.196030	68	
500.000000	500.000000	69	
-46.115906	-54.486633	70	
-198.380035	-101.971298	71	
-35.266937	-73.941353	72	
3.099516	299.250793	73	
489.951965	-23.179537	74	
500.000000	500.000000	75	
-73.735168	-254.757294	76	
369.068512	71.730492	77	
49.823643	-140.766556	78	
500.000000	500.000000	79	
-92.158440	-71.064056	80	
-23.121595	-31.135767	81	
-132.065552	196.861145	82	
-4.312426	-130.522217	83	
500.000000	500.000000	84	
-299.602264	380.864197	85	
500.000000	500.000000	86	
263.638336	-374.598450	87	
170.525513	155.456818	88	
500.000000	500.000000	89	
-138.773773	-347.414398	90	
500.000000	500.000000	91	
500.000000	500.000000	92	
204.710129	224.007309	93	
354.086334	37.216366	94	
-116.104347	-383.917297	95	
16.368359	-425.359711	96	
-64.565063	75.075150	97	
-138.969955	-68.741264	98	
4.087508	-385.724670	99	
-57.843998	-42.110474	100	
363.430481	-266.586487	101	
263.326111	16.381304	102	
110.460228	-284.226715	103	
500.000000	500.000000	104	
-146.677368	19.923597	105	
-46.769859	-3.637195	106	
318.724854	-103.133858	107	
-67.526070	177.691727	108	
-219.034775	206.678009	109	
500.000000	500.000000	110	
-135.420837	98.860580	111	
500.000000	500.000000	112	
500.000000	500.000000	113	
257.563721	-55.474251	114	
200.310822	-38.833260	115	
408.685822	401.530609	116	
-389.584839	236.108109	117	
-396.613464	-450.759094	118	
500.000000	500.000000	119	
500.000000	500.000000	120	
-395.490479	-64.185951	121	
500.000000	500.000000	122	
469.729797	-398.760925	123	
-309.236023	-138.208710	124	
311.679352	-123.058769	125	
500.000000	500.000000	126	
500.000000	500.000000	127	
-364.388214	30.071259	128	
500.000000	500.000000	129	
-123.680862	-51.891762	130	
-183.911530	46.759487	131	
66.013756	92.900101	132	
-76.618378	151.416077	133	
-326.134521	-248.576157	134	
-141.205017	377.631897	135	
228.259674	-83.190857	136	
500.000000	500.000000	137	
61.885025	-319.869629	138	
500.000000	500.000000	139	
-161.690567	-244.524750	140	
79.295158	139.186081	141	
500.000000	500.000000	142	
500.000000	500.000000	143	
-485.075592	-93.132072	144	
79.347931	-163.646652	145	
500.000000	500.000000	146	
500.000000	500.000000	147	
-485.465332	-269.500061	148	
-296.942841	-274.623688	149	
1.456261	-2.588689	150	
436.516083	-443.228912	151	
500.000000	500.000000	152	
392.712769	299.085205	153	
-251.020935	229.013977	154	
500.000000	500.000000	155	
455.093628	167.389038	156	
-111.290733	-124.727196	157	
-251.827576	-163.903381	158	
-143.128281	-131.188736	159	
500.000000	500.000000	160	
500.000000	500.000000	161	
-219.658585	-147.090942	162	
-77.359497	-39.653599	163	
482.135956	-340.487213	164	
158.651169	116.872459	165	
50.936104	310.865692	166	
363.212524	327.733093	167	
21.908642	-274.437042	168	
500.000000	500.000000	169	
-152.531570	-379.715088	170	
500.000000	500.000000	171	
76.723534	-72.201088	172	
139.523453	-72.992653	173	
-394.231964	33.776104	174	
-3.559023	-171.506134	175	
-288.350067	-15.505850	176	
500.000000	500.000000	177	
16.505898	-8.624822	178	
297.271912	-108.080147	179	
220.775528	347.828705	180	
500.000000	500.000000	181	
200.915466	-273.725220	182	
-301.120453	146.535324	183	
500.000000	500.000000	184	
-67.775993	-130.520432	185	
401.930420	85.982903	186	
-491.182709	-389.035126	187	
-32.913803	-164.597031	188	
-357.263000	-349.767151	189	
-230.668640	305.861542	190	
52.662373	-116.902649	191	
-109.043365	282.489563	192	
370.893005	-426.081390	193	
500.000000	500.000000	194	
52.073734	-87.174530	195	
-277.830658	-23.317783	196	
172.440704	-364.011414	197	
500.000000	500.000000	198	
-144.387085	-24.101540	199	
-41.471333	205.101364	200	
436.215912	-489.749268	201	
-339.324249	-404.285126	202	
100.452522	433.737396	203	
329.478882	-455.003052	204	
500.000000	500.000000	205	
-113.900040	-492.496735	206	
-53.476601	180.719574	207	
500.000000	500.000000	208	
500.000000	500.000000	209	
295.129425	136.334656	210	
-286.463806	40.873318	211	
500.000000	500.000000	212	
55.496037	5.754232	213	
166.368484	-40.001183	214	
-343.433716	24.127007	215	
245.905457	-64.603539	216	
-275.647797	311.249359	217	
500.000000	500.000000	218	
500.000000	500.000000	219	
500.000000	500.000000	220	
500.000000	500.000000	221	
-5.346403	53.780022	222	
92.371880	345.457703	223	
63.549278	-6.679445	224	
500.000000	500.000000	225	
500.000000	500.000000	226	
307.581360	312.023956	227	
201.886246	-461.996552	228	
246.782593	-278.189819	229	
500.000000	500.000000	230	
49.792053	-281.287689	231	
-178.194260	221.697800	232	
273.020142	-169.297806	233	
50.971985	478.078186	234	
500.000000	500.000000	235	
500.000000	500.000000	236	
292.505463	20.436863	237	
-403.405304	59.560638	238	
457.363892	251.092590	239	
24.591177	-246.960236	240	
169.245438	308.368713	241	
56.922256	-366.258484	242	
-103.420616	174.852600	243	
-299.617554	92.197060	244	
-244.035690	406.791412	245	
-447.662323	35.852901	246	
92.849487	-414.068756	247	
-3.231585	-207.201218	248	
222.533615	-390.197113	249	
500.000000	500.000000	250	
500.000000	500.000000	251	
229.555115	412.960907	252	
500.000000	500.000000	253	
-254.065552	-281.573364	254	
500.000000	500.000000	255	
500.000000	500.000000	256	
500.000000	500.000000	257	
253.677811	-195.353638	258	
-35.698845	496.230103	259	
354.865692	-336.788788	260	
500.000000	500.000000	261	
-387.989563	-274.067078	262	
125.120461	-54.572136	263	
500.000000	500.000000	264	
-238.783081	461.213257	265	
116.830849	298.981476	266	
-194.873566	-32.571762	267	
299.322571	-161.500229	268	
-176.373535	269.593597	269	
41.834114	47.803699	270	
500.000000	500.000000	271	
293.177643	-209.649170	272	
223.789383	-113.806023	273	
363.375732	-32.227219	274	
500.000000	500.000000	275	
500.000000	500.000000	276	
-202.110870	-394.375427	277	
157.262894	-479.269623	278	
-332.066864	19.662739	279	
500.000000	500.000000	280	
500.000000	500.000000	281	
-319.073730	-41.377304	282	
229.994873	370.137512	283	
-172.252243	199.367828	284	
-277.361481	-315.796600	285	
-114.381668	358.287994	286	
500.000000	500.000000	287	
190.757202	170.836639	288	
-447.457367	498.570923	289	
500.000000	500.000000	290	
426.819214	367.619476	291	
369.165497	-465.981964	292	
-372.938904	133.579605	293	
-178.273758	-92.986862	294	
144.953247	-51.091789	295	
-123.227165	228.183960	296	
-282.596954	-430.337250	297	
-307.845612	227.790314	298	
500.000000	500.000000	299	
-181.976974	449.179199	300	
344.527100	391.109161	301	
428.769226	132.517960	302	
-29.939056	354.917633	303	
415.216125	-397.829651	304	
500.000000	500.000000	305	
-297.191498	-64.134422	306	
-55.861401	266.859863	307	
66.320259	451.364685	308	
500.000000	500.000000	309	
-306.274994	-103.805305	310	
-168.032074	-170.983643	311	
182.653427	-309.893433	312	
500.000000	500.000000	313	
372.052917	95.018623	314	
500.000000	500.000000	315	
-126.365158	170.678497	316	
500.000000	500.000000	317	
356.346283	461.966370	318	
500.000000	500.000000	319	
179.587402	36.354763	320	
-105.116608	-19.708654	321	
-392.794067	-189.371460	322	
-250.575500	-70.950836	323	
500.000000	500.000000	324	
500.000000	500.000000	325	
-461.303589	-204.277573	326	
100.510567	381.434143	327	
180.158829	290.278046	328	
-263.806824	70.629807	329	
6.284893	-212.975525	330	
-137.817871	225.231552	331	
500.000000	500.000000	332	
27.736874	-363.194397	333	
-74.838371	261.818481	334	
373.502258	192.125824	335	
500.000000	500.000000	336	
-153.561447	-157.780273	337	
-199.450577	-242.777084	338	
131.187683	-24.096191	339	
-193.333313	-428.735992	340	
92.136024	-189.355377	341	
-243.306686	298.124573	342	
-261.896179	-134.782654	343	
500.000000	500.000000	344	
500.000000	500.000000	345	
463.531708	84.461235	346	
500.000000	500.000000	347	
500.000000	500.000000	348	
-100.636078	105.980782	349	
-475.925781	283.753510	350	
500.000000	500.000000	351	
500.000000	500.000000	352	
226.745438	302.139069	353	
3.583372	91.950714	354	
73.445618	-134.213562	355	
500.000000	500.000000	356	
-8.960157	276.404327	357	
50.627083	-234.935394	358	
361.091766	229.273743	359	
500.000000	500.000000	360	
500.000000	500.000000	361	
277.996613	128.337738	362	
347.606567	-201.637512	363	
-202.196930	346.537537	364	
42.287231	112.418831	365	
-60.241489	-112.592819	366	
45.047344	132.937073	367	
500.000000	500.000000	368	
500.000000	500.000000	369	
-479.920471	412.954346	370	
-466.837677	-48.876530	371	
-226.042419	-329.813690	372	
-234.750626	-236.833435	373	
107.039917	-157.674316	374	
500.000000	500.000000	375	
500.000000	500.000000	376	
-117.806854	-281.044647	377	
-82.790581	-339.990295	378	
225.219452	262.378876	379	
17.645359	410.403015	380	
-286.921906	415.677063	381	
500.000000	500.000000	382	
500.000000	500.000000	383	
-85.046356	295.623871	384	
-82.909836	62.351345	385	
344.911377	176.805023	386	
389.682007	-186.015366	387	
-164.972839	206.544281	388	
309.638885	-24.082014	389	
-220.622696	-467.938629	390	
282.020325	-31.786293	391	
500.000000	500.000000	392	
500.000000	500.000000	393	
149.742004	147.163086	394	
500.000000	500.000000	395	
500.000000	500.000000	396	
-30.673504	182.974045	397	
-184.002991	162.499908	398	
-338.339844	-162.998001	399	
478.282379	122.325554	400	
166.054306	6.905019	401	
-139.751785	61.200737	402	
500.000000	500.000000	403	
-114.287613	67.495522	404	
500.000000	500.000000	405	
366.830444	-301.293549	406	
-340.652679	193.047409	407	
500.000000	500.000000	408	
500.000000	500.000000	409	
148.669983	-132.164917	410	
340.158936	284.656647	411	
-47.554195	-295.863525	412	
500.000000	500.000000	413	
347.469727	302.753571	414	
-192.064850	-297.347595	415	
-218.430878	150.469299	416	
474.664734	-86.137413	417	
320.548065	-70.691803	418	
-348.431000	374.510040	419	
311.609222	-225.777161	420	
500.000000	500.000000	421	
500.000000	500.000000	422	
-315.042419	-59.631840	423	
152.347412	-243.577072	424	
69.165169	79.994560	425	
500.000000	500.000000	426	
500.000000	500.000000	427	
26.164770	30.432106	428	
425.654510	-221.861328	429	
-292.947174	-145.318390	430	
-19.451052	-53.322346	431	
500.000000	500.000000	432	
157.259506	-166.647263	433	
66.467049	148.508911	434	
500.000000	500.000000	435	
500.000000	500.000000	436	
407.296722	-75.488533	437	
-295.674469	-42.200504	438	
-292.297760	-68.894836	439	
-470.894867	128.406845	440	
-404.127808	-378.980621	441	
500.000000	500.000000	442	
-183.190262	-52.269131	443	
-171.857986	-146.900208	444	
405.039856	-290.717224	445	
495.083374	-269.413574	446	
294.780090	-287.853149	447	
-293.498962	-183.135864	448	
-430.827972	252.803619	449	
-72.865402	123.656509	450	
500.000000	500.000000	451	
-7.436603	315.931732	452	
294.838379	-413.206879	453	
500.000000	500.000000	454	
-276.064270	-113.106735	455	
233.635727	-181.033051	456	
1.673281	-159.201080	457	
-280.485138	-266.079620	458	
472.782227	-118.254807	459	
-484.408539	332.347992	460	
203.031906	-420.187103	461	
-175.083694	-121.370094	462	
420.920868	-161.803299	463	
225.817978	-40.635021	464	
333.846985	2.397764	465	
-450.566162	213.031433	466	
-9.883865	434.298035	467	
-455.594482	-183.848938	468	
450.515503	-217.149506	469	
-15.811547	89.529488	470	
146.557220	-285.867889	471	
500.000000	500.000000	472	
500.000000	500.000000	473	
-5.413503	-189.862488	474	
500.000000	500.000000	475	
-325.164795	-279.782288	476	
-44.200180	105.847122	477	
411.573730	275.079102	478	
-355.763367	245.424271	479	
124.071480	-357.731354	480	
-381.790070	77.316757	481	
-38.730354	-48.833042	482	
500.000000	500.000000	483	
-267.625244	336.754059	484	
1.614749	8.947253	485	
-297.613617	185.269867	486	
398.889954	197.148453	487	
-65.339012	10.288686	488	
-50.600155	230.034622	489	
-98.303970	120.309052	490	
-227.003372	174.323685	491	
18.456459	144.735596	492	
263.167480	-261.769928	493	
-390.783813	-30.975550	494	
485.952637	220.264771	495	
435.795807	433.828491	496	
-405.319916	280.412903	497	
468.066376	-152.047791	498	
7.926881	328.753662	499	
-487.354034	14.742849	500	
26.458799	186.684509	501	
500.000000	500.000000	502	
-304.879181	-330.348450	503	
-200.305252	-264.706238	504	
500.000000	500.000000	505	
-225.207275	-185.429626	506	
-231.931183	-96.082970	507	
435.153717	-138.912537	508	
500.000000	500.000000	509	
-112.370407	202.475937	510	
224.202866	16.057373	511	
404.145630	-426.417572	512	
46.603561	-268.715363	513	
83.462357	-263.568909	514	
-186.772461	110.424461	515	
120.692131	170.659714	516	
-101.927315	68.373024	517	
500.000000	500.000000	518	
-68.219093	-390.564453	519	
-65.379623	92.830124	520	
-24.411119	-468.170563	521	
292.900940	198.194504	522	
-267.599670	-204.592529	523	
258.239746	-126.712921	524	
157.688614	-27.494192	525	
-85.611404	245.863312	526	
78.974091	165.787811	527	
-313.582367	267.988739	528	
337.805969	-241.124741	529	
500.000000	500.000000	530	
56.617859	-174.325546	531	
85.577431	84.949730	532	
500.000000	500.000000	533	
-197.899429	-75.264900	534	
-338.477875	-105.049286	535	
-119.748230	193.000244	536	
118.355812	411.241852	537	
-94.360023	-274.680206	538	
203.582214	8.889734	539	
149.837082	69.351913	540	
217.359772	-207.017883	541	
446.511169	-279.446045	542	
-37.333130	-36.452293	543	
238.899017	98.034859	544	
-234.689926	261.233215	545	
297.732239	-345.221191	546	
500.000000	500.000000	547	
157.654312	-9.381802	548	
500.000000	500.000000	549	
494.557983	345.472717	550	
392.388336	55.477081	551	
-359.164917	-223.160889	552	
125.717636	53.001343	553	
-259.531464	-91.374550	554	
-393.888641	143.065994	555	
500.000000	500.000000	556	
-232.799438	-62.394897	557	
500.000000	500.000000	558	
-103.266068	-429.179657	559	
193.140564	-194.534790	560	
-80.998451	363.579498	561	
287.941040	-476.358978	562	
500.000000	500.000000	563	
-313.023102	-70.680771	564	
453.877808	316.697845	565	
95.666588	105.009140	566	
500.000000	500.000000	567	
-22.492886	-230.402802	568	
500.000000	500.000000	569	
133.345779	-247.263794	570	
500.000000	500.000000	571	
60.266972	253.790558	572	
500.000000	500.000000	573	
360.756592	257.742706	574	
119.190750	-5.861506	575	
-480.170288	-206.043457	576	
500.000000	500.000000	577	
500.000000	500.000000	578	
-19.875586	135.570282	579	
500.000000	500.000000	580	
278.868652	-83.178650	581	
-24.556980	252.719131	582	
-70.375519	493.223999	583	
500.000000	500.000000	584	
66.934349	71.118416	585	
500.000000	500.000000	586	
500.000000	500.000000	587	
-465.612152	-487.439789	588	
442.188843	-12.841408	589	
-149.148407	177.308594	590	
500.000000	500.000000	591	
112.757767	-104.686661	592	
500.000000	500.000000	593	
-47.564941	-97.843445	594	
-353.267944	494.653198	595	
76.252731	-215.304901	596	
-281.853302	-11.095226	597	
500.000000	500.000000	598	
500.000000	500.000000	599	
-140.736008	-85.354118	600	
133.946960	83.260300	601	
500.000000	500.000000	602	
134.885193	160.302048	603	
336.521149	33.299881	604	
160.809753	401.136932	605	
-355.099487	-300.650238	606	
490.087158	173.541077	607	
-399.223145	-314.013702	608	
500.000000	500.000000	609	
293.624969	249.867126	610	
-213.060913	123.719452	611	
-431.255768	-107.396667	612	
500.000000	500.000000	613	
500.000000	500.000000	614	
500.000000	500.000000	615	
316.895111	352.384338	616	
-330.380096	-48.589317	617	
-153.243134	454.313019	618	
500.000000	500.000000	619	
331.095551	-419.504303	620	
500.000000	500.000000	621	
329.282532	76.267509	622	
500.000000	500.000000	623	
-9.005852	219.079086	624	
376.356781	-200.025314	625	
-185.652512	-356.806671	626	
229.102432	113.676430	627	
376.389435	273.658752	628	
-140.189148	140.874863	629	
-276.189972	-15.442938	630	
384.969391	-389.078278	631	
500.000000	500.000000	632	
500.000000	500.000000	633	
-90.388748	34.469727	634	
-270.103149	250.588593	635	
-108.680748	236.715088	636	
169.811371	-113.520554	637	
500.000000	500.000000	638	
126.301285	122.727516	639	
-139.122726	-43.499203	640	
-309.215363	-84.201851	641	
-286.725067	250.962219	642	
500.000000	500.000000	643	
-199.672318	-171.659943	644	
18.843769	-129.665848	645	
500.000000	500.000000	646	
377.877136	-145.190338	647	
-149.180939	27.115612	648	
500.000000	500.000000	649	
28.607607	-46.435715	650	
415.930420	10.311740	651	
-81.231804	42.747875	652	
-476.616364	390.241211	653	
308.898499	-269.448669	654	
-10.966152	22.005022	655	
20.354568	295.218811	656	
500.000000	500.000000	657	
289.045959	440.911072	658	
113.177032	90.502113	659	
-343.823120	-10.523587	660	
138.466202	-173.709152	661	
500.000000	500.000000	662	
500.000000	500.000000	663	
-214.225754	-231.309448	664	
500.000000	500.000000	665	
3.241271	-104.353592	666	
44.606926	289.965759	667	
500.000000	500.000000	668	
-270.808838	-237.396194	669	
500.000000	500.000000	670	
-180.688080	-463.090759	671	
329.912354	-112.267670	672	
-113.172768	495.168457	673	
-118.860191	-255.593369	674	
-235.172394	-78.290108	675	
252.693268	126.182587	676	
266.742950	-317.087402	677	
-174.135864	38.764477	678	
-0.778608	339.777863	679	
-36.813587	314.508606	680	
500.000000	500.000000	681	
-123.252762	175.755280	682	
500.000000	500.000000	683	
-196.468414	76.879623	684	
-228.110474	-265.464264	685	
-237.197861	493.024292	686	
-474.626007	81.437469	687	
500.000000	500.000000	688	
-296.303986	-293.309570	689	
24.563431	89.542389	690	
230.673019	-309.156128	691	
500.000000	500.000000	692	
-110.851418	434.308990	693	
-190.423706	484.304688	694	
227.632950	-242.694382	695	
-29.614315	37.479996	696	
306.085297	8.724809	697	
254.257278	-242.258453	698	
500.000000	500.000000	699	
305.484894	47.404526	700	
-448.752502	-413.890381	701	
-192.372803	-131.592270	702	
-129.818176	28.568626	703	
-60.883862	311.146454	704	
54.406704	38.645924	705	
239.044388	-213.903214	706	
-407.835968	-420.364105	707	
-372.141022	329.073975	708	
-94.146416	-241.950104	709	
325.783447	-367.259613	710	
-81.894295	-446.580933	711	
-289.554108	-69.118378	712	
401.681763	-243.885559	713	
500.000000	500.000000	714	
427.148254	232.102661	715	
91.488121	-71.868866	716	
289.999481	-56.316364	717	
-76.300888	95.393570	718	
31.352997	-44.079750	719	
485.872559	-242.950592	720	
482.994446	268.825500	721	
-52.433926	423.206390	722	
-90.335159	-117.611977	723	
500.000000	500.000000	724	
-95.115524	380.605133	725	
-115.568718	-187.793716	726	
-260.011108	-295.826843	727	
-201.236221	278.323059	728	
-121.023445	-217.794983	729	
-230.263626	-14.180451	730	
-115.245972	-92.852325	731	
500.000000	500.000000	732	
81.607880	117.143753	733	
500.000000	500.000000	734	
500.000000	500.000000	735	
-349.015656	-194.513290	736	
500.000000	500.000000	737	
-18.103554	466.051849	738	
-250.642914	-117.706985	739	
401.812653	360.393524	740	
-38.872452	63.103737	741	
500.000000	500.000000	742	
-182.838470	146.575211	743	
-25.262714	-4.695326	744	
-428.496735	89.098267	745	
-12.054861	40.153088	746	
500.000000	500.000000	747	
500.000000	500.000000	748	
500.000000	500.000000	749	
-381.187744	6.318286	750	
114.486694	-63.902618	751	
323.146271	198.204346	752	
-373.614044	-408.937378	753	
-131.319000	-322.013184	754	
339.229370	-269.768005	755	
3.958702	-287.877930	756	
-37.386982	-171.815125	757	
243.652832	52.109779	758	
-228.527771	-158.705338	759	
-261.088348	-17.917664	760	
114.263062	-125.789078	761	
51.013111	-300.958710	762	
-22.571697	68.591599	763	
-380.392487	102.410553	764	
-171.530685	-240.963730	765	
500.000000	500.000000	766	
-209.966217	13.776243	767	
154.524200	229.708496	768	
500.000000	500.000000	769	
-390.121460	449.312073	770	
403.199554	-485.784729	771	
210.221405	53.551941	772	
-111.248718	-178.205170	773	
-148.900604	-89.825836	774	
-70.464287	-11.541009	775	
88.389503	23.867682	776	
265.929932	159.540710	777	
500.000000	500.000000	778	
-42.582809	-196.936447	779	
375.375641	180.334152	780	
88.520920	-123.542770	781	
-426.996246	-474.997681	782	
-1.911759	-40.880352	783	
500.000000	500.000000	784	
-138.729431	-433.193115	785	
250.555878	158.732590	786	
-214.509827	-200.929367	787	
-217.152298	419.427338	788	
500.000000	500.000000	789	
-238.571075	-216.721527	790	
174.308136	-260.631897	791	
375.154602	-351.811371	792	
38.397728	214.000290	793	
112.491997	200.177673	794	
479.685028	-279.595795	795	
259.116241	490.223206	796	
-269.171539	20.230652	797	
497.753906	-127.807510	798	
121.289848	-297.633209	799	
-26.025087	159.185226	800	
44.148895	-408.342560	801	
-425.687439	476.211304	802	
143.208084	-92.515167	803	
25.505484	43.268562	804	
500.000000	500.000000	805	
-289.374817	-288.567352	806	
500.000000	500.000000	807	
500.000000	500.000000	808	
253.429993	261.012085	809	
-304.520477	20.811499	810	
500.000000	500.000000	811	
-47.877758	-148.117569	812	
-169.176758	-202.082062	813	
500.000000	500.000000	814	
85.160461	-351.136536	815	
364.876892	3.329858	816	
-35.882683	-288.147522	817	
-344.019592	453.395813	818	
500.000000	500.000000	819	
500.000000	500.000000	820	
500.000000	500.000000	821	
-88.356873	470.580048	822	
500.000000	500.000000	823	
-454.903229	-330.691467	824	
500.000000	500.000000	825	
121.330421	-268.742432	826	
169.779358	63.307842	827	
98.323761	247.935898	828	
23.827194	-330.329041	829	
234.887482	150.039551	830	
-146.839081	127.348839	831	
247.338593	-167.245056	832	
-174.654938	99.603951	833	
-466.056702	374.817627	834	
500.000000	500.000000	835	
-39.071426	375.755981	836	
500.000000	500.000000	837	
283.881775	391.744019	838	
-260.298676	178.882843	839	
500.000000	500.000000	840	
500.000000	500.000000	841	
500.000000	500.000000	842	
-199.111771	321.348236	843	
-225.162262	26.536644	844	
500.000000	500.000000	845	
194.332748	-133.711823	846	
500.000000	500.000000	847	
500.000000	500.000000	848	
500.000000	500.000000	849	
481.691956	-85.555466	850	
305.798584	-156.804840	851	
157.558578	423.132782	852	
500.000000	500.000000	853	
-108.883980	-153.017578	854	
-162.086105	115.541817	855	
-488.405975	457.982269	856	
307.661011	-309.106567	857	
137.775024	271.450623	858	
500.000000	500.000000	859	
103.907166	-230.071045	860	
410.167725	-199.629333	861	
-45.773575	461.251190	862	
500.000000	500.000000	863	
10.783703	42.034805	864	
-51.968307	-172.172073	865	
204.373993	-329.245117	866	
-178.527664	362.794586	867	
-164.439758	232.113052	868	
4.381239	61.691761	869	
500.000000	500.000000	870	
33.589600	162.128143	871	
500.000000	500.000000	872	
164.844940	-182.034714	873	
500.000000	500.000000	874	
490.919037	-460.925964	875	
-287.663055	272.261810	876	
-271.261108	-58.897736	877	
500.000000	500.000000	878	
500.000000	500.000000	879	
500.000000	500.000000	880	
305.273193	276.836182	881	
-229.399185	371.627441	882	
182.874237	-69.044968	883	
485.032257	91.191895	884	
-239.022781	96.985001	885	
21.963001	325.449951	886	
500.000000	500.000000	887	
500.000000	500.000000	888	
184.945282	-32.091827	889	
117.049103	235.560318	890	
500.000000	500.000000	891	
-78.409348	337.466736	892	
500.000000	500.000000	893	
272.325562	-10.296653	894	
-243.101486	352.346191	895	
2.001807	-240.099014	896	
-33.360558	-413.004517	897	
433.703705	-351.040253	898	
500.000000	500.000000	899	
-158.425323	-261.807251	900	
500.000000	500.000000	901	
474.866241	374.288666	902	
23.715813	492.130005	903	
500.000000	500.000000	904	
33.334194	88.235680	905	
-339.776825	-135.820343	906	
-327.125519	-11.638214	907	
56.131916	-491.399750	908	
414.581482	163.935410	909	
-178.472321	-426.531647	910	
-35.359680	-260.915497	911	
-361.397705	108.129799	912	
179.219543	346.416229	913	
178.108276	-175.949188	914	
-333.916931	-76.634933	915	
-92.034355	199.765839	916	
88.885292	484.531830	917	
-126.294373	252.177322	918	
-144.838837	36.912262	919	
68.434029	104.013832	920	
-371.132202	-132.643982	921	
110.293350	-208.906738	922	
-345.090851	-446.233856	923	
82.890869	234.525375	924	
331.642120	425.697510	925	
315.357727	-183.246979	926	
500.000000	500.000000	927	
500.000000	500.000000	928	
-443.193756	461.163422	929	
-305.297363	475.398926	930	
141.564972	7.907391	931	
424.613220	329.849792	932	
163.519791	472.753662	933	
-138.022873	-108.534874	934	
-180.037979	-187.334122	935	
240.063477	-362.755676	936	
206.898865	157.997437	937	
446.070068	485.337128	938	
34.192959	-459.302765	939	
500.000000	500.000000	940	
-326.149780	22.761763	941	
26.425228	-188.825745	942	
500.000000	500.000000	943	
500.000000	500.000000	944	
122.167587	-453.807587	945	
262.266846	307.942474	946	
-270.886871	-189.042526	947	
500.000000	500.000000	948	
-219.651855	-411.754791	949	
174.337906	192.446350	950	
500.000000	500.000000	951	
500.000000	500.000000	952	
200.803940	-21.198511	953	
453.141968	384.675781	954	
500.000000	500.000000	955	
431.293518	-242.727890	956	
-253.328384	-41.763275	957	
218.176849	85.765602	958	
500.000000	500.000000	959	
500.000000	500.000000	960	
500.000000	500.000000	961	
187.682327	247.862488	962	
49.220203	19.183218	963	
500.000000	500.000000	964	
-14.745095	-253.431335	965	
-227.448318	-119.966599	966	
500.000000	500.000000	967	
500.000000	500.000000	968	
31.852106	240.062668	969	
333.774261	-155.893158	970	
384.346497	-225.099564	971	
72.393623	203.775406	972	
500.000000	500.000000	973	
500.000000	500.000000	974	
41.172920	446.697021	975	
139.078278	-313.185638	976	
-164.524261	-85.475388	977	
-48.213776	-364.230316	978	
408.438354	468.326782	979	
1.372099	197.920380	980	
-151.223419	325.702698	981	
-453.315674	-117.550476	982	
500.000000	500.000000	983	
500.000000	500.000000	984	
140.622559	176.814377	985	
-415.453613	-142.005615	986	
500.000000	500.000000	987	
500.000000	500.000000	988	
500.000000	500.000000	989	
121.180176	70.117737	990	
-14.600963	-92.172417	991	
-461.961090	-98.279701	992	
-406.167816	379.889160	993	
-70.591003	-273.900665	994	
-324.646057	376.229156	995	
13.458848	472.524414	996	
-433.913208	141.985550	997	
-439.776794	-263.865967	998	
-349.041016	-487.452911	999	
-267.220459	287.099213	1000	
4.254177	254.820450	1001	
-408.320526	140.682816	1002	
-22.631348	148.367996	1003	
500.000000	500.000000	1004	
25.144756	96.406761	1005	
500.000000	500.000000	1006	
-12.482375	66.260399	1007	
500.000000	500.000000	1008	
123.741051	-31.395475	1009	
-86.959038	211.953049	1010	
-63.549606	351.724030	1011	
-143.993210	-451.654633	1012	
140.697418	342.119019	1013	
25.508345	112.172485	1014	
142.698074	-104.355827	1015	
500.000000	500.000000	1016	
-85.136841	-203.624069	1017	
-421.605347	352.591339	1018	
-119.340179	52.439152	1019	
227.914001	471.521942	1020	
8.032858	-72.780670	1021	
500.000000	500.000000	1022	
-471.584747	-144.327057	1023	
