-225.254410	-453.532227	390	
-419.969543	-352.311218	824	
-219.433517	-51.544605	2	
394.001831	-484.325378	771	
471.418732	-278.721863	795	
-243.862991	-136.580704	5	
-84.033218	-243.757065	6	
-38.730354	-48.833042	431	
-423.646759	321.741516	8	
-108.258308	-126.377579	185	
-22.631348	148.367996	579	
-29.876143	228.398438	11	
49.768509	-491.035065	908	
-451.983643	402.966797	834	
-177.333420	374.385529	867	
239.161667	-369.477448	87	
-488.991211	46.489300	500	
-186.140747	-492.241058	17	
99.250198	-415.887817	945	
64.488945	-24.146111	19	
34.190357	453.222504	996	
50.359547	-76.653633	21	
214.217545	473.114899	1020	
-173.469070	-478.868713	17	
454.518982	-156.202133	24	
303.785156	-417.040466	453	
-483.529358	-406.031647	824	
-14.600963	-92.172417	431	
-94.505577	-492.922211	206	
-352.668701	71.566704	29	
-237.209381	-394.242950	30	
-473.382019	156.116608	31	
18.843769	-129.665848	68	
-479.965485	196.865082	33	
-75.807930	151.384048	207	
202.735184	-44.830799	35	
-388.199158	-28.360159	39	
-432.644196	457.038879	37	
-469.330292	-137.466675	1023	
-421.904175	9.864628	39	
101.375816	272.655243	924	
-422.121674	299.273254	8	
477.727234	-181.882980	42	
350.691010	-161.848450	363	
244.786087	262.343597	809	
482.679077	-34.921200	74	
-196.468414	76.879623	885	
218.352432	144.235428	47	
41.000904	174.905121	48	
-129.272873	253.000977	331	
272.020111	-145.623199	50	
-220.929916	-67.744911	51	
-57.763309	-90.017677	52	
475.737457	-239.326660	53	
-293.896729	-494.540558	54	
-412.146820	488.138489	55	
-75.227707	-208.329880	56	
-266.668762	-489.977448	54	
498.929077	51.023422	58	
-372.939728	421.750549	59	
265.056122	193.770645	60	
-324.292755	472.840729	818	
-114.368408	-84.922585	977	
413.672913	-109.185127	63	
279.865875	96.918167	64	
-91.597649	184.771362	65	
2.017617	-390.456390	801	
-327.487427	-157.125153	399	
-12.757092	-158.196030	68	
-23.121595	-31.135767	431	
-280.485138	-266.079620	806	
-183.471893	-90.372414	71	
345.796478	295.259186	411	
285.047119	208.932098	60	
484.971100	-11.202038	74	
-309.645477	397.200287	85	
-116.123528	-100.782066	977	
369.068512	71.730492	77	
-135.716888	-441.026581	785	
-89.478851	35.851837	652	
-121.490242	255.366684	331	
-459.730988	-428.105225	701	
174.869003	417.691223	852	
224.546371	202.738342	93	
-334.961304	187.709396	486	
-297.550842	378.063904	85	
424.630951	-238.059586	956	
256.356354	-368.991089	87	
430.956604	-4.707962	589	
-52.639156	405.813171	738	
-67.370682	-215.677078	56	
151.818100	-175.408066	914	
-219.365448	499.460938	686	
204.710129	224.007309	93	
337.717834	389.046021	301	
-40.476501	-408.504852	519	
478.529449	-483.873932	151	
396.753357	272.482391	628	
-113.292191	203.438995	536	
435.635681	-349.200134	304	
-479.584656	83.429161	687	
360.561676	-264.752716	101	
272.602844	15.881836	102	
102.335213	-279.408051	103	
-365.194061	-441.690186	923	
-145.013931	17.833292	105	
-46.769859	-3.637195	106	
313.414642	-106.883827	107	
-195.391983	279.824005	269	
-208.906555	215.459641	109	
-316.607910	235.875015	298	
-139.986359	96.436676	111	
361.227081	-130.960464	647	
-138.098511	471.374756	618	
86.583138	-393.819305	242	
200.310822	-38.833260	115	
405.533661	414.396881	116	
-373.117462	227.811508	117	
-379.286163	-467.580475	118	
317.984100	-176.487030	926	
166.054306	6.905019	548	
-402.446350	366.918671	993	
264.300293	228.145782	60	
446.928741	-409.952759	123	
-149.850845	176.630371	590	
311.679352	-123.058769	125	
291.042938	-217.525101	420	
-233.230743	-90.642540	507	
-364.388214	30.071259	128	
284.278320	-151.944611	50	
-351.595490	-485.890289	999	
-251.594284	-388.336639	30	
444.843597	375.963623	954	
-489.678986	322.892365	460	
-452.826782	-326.958496	824	
-309.793915	484.720886	930	
294.405701	275.763824	881	
-186.997803	-457.466888	910	
59.410213	-321.855103	138	
338.237701	462.423218	318	
-59.421837	-389.172272	519	
49.823643	-140.766556	374	
25.987804	-195.922974	474	
-269.702271	-185.601944	759	
-475.345123	-138.428711	1023	
-4.357576	51.777363	222	
-156.428787	-153.816940	813	
-26.025087	159.185226	579	
-486.263977	-281.404541	148	
-416.431549	-443.166870	782	
1.456261	-2.588689	150	
433.453796	-452.765045	151	
-22.885323	73.222816	222	
396.739197	303.520569	153	
-360.743988	328.175415	708	
54.814400	-176.182144	374	
455.093628	167.389038	156	
-368.863251	-358.636047	202	
-150.287033	-344.900024	415	
246.434097	-261.331573	493	
-394.421570	240.124695	117	
75.550499	173.578506	434	
-95.243988	-349.306854	378	
38.038551	-452.567688	939	
485.719147	-313.311676	795	
294.971039	241.502701	881	
-343.999725	196.596329	479	
363.212524	327.733093	167	
-270.389923	-322.553925	285	
314.603088	423.880157	658	
-43.570816	-470.541382	206	
95.666588	105.009140	639	
282.138947	-490.234863	562	
41.834114	47.803699	585	
-394.950165	33.522842	174	
-3.559023	-171.506134	175	
-288.350067	-15.505850	176	
94.247940	-152.293289	374	
-381.790070	77.316757	29	
297.271912	-108.080147	179	
215.002304	348.349030	180	
-127.142639	-55.984379	977	
204.290924	-273.845398	182	
-313.582367	267.988739	876	
215.976654	373.038605	283	
-67.775993	-130.520432	185	
389.974060	81.129494	186	
-455.679535	-324.622528	824	
-473.600006	-206.412613	326	
-314.074402	-409.140717	923	
-230.668640	305.861542	190	
-117.804199	-321.281097	378	
-399.930664	383.009857	993	
327.708008	-430.572510	620	
-396.849640	285.404144	497	
412.115570	-282.371857	445	
-450.425323	-392.397797	701	
171.527924	-348.077332	197	
141.187851	-321.677338	197	
-311.835480	-135.751755	430	
-372.938904	133.579605	1002	
414.306641	-484.224609	201	
-354.432129	-384.155273	202	
102.983650	443.552734	203	
328.388214	-453.296906	204	
426.831360	458.818665	938	
-105.245949	-491.606628	206	
-56.193741	179.921265	207	
168.235962	-178.890915	914	
-313.746948	9.273588	176	
295.129425	136.334656	210	
-290.132660	50.641357	211	
303.324158	196.209259	60	
-220.209183	-200.807098	506	
325.684967	-372.418854	260	
-343.016754	-445.587494	923	
205.909668	-50.833435	35	
-137.561707	392.972839	867	
-329.110413	61.208786	29	
-342.336456	247.461792	479	
8.685768	42.591213	869	
-6.712437	252.458511	357	
-6.335229	55.782677	222	
109.886703	335.573486	223	
169.661407	161.258453	288	
276.139130	318.241730	946	
341.435669	24.151384	816	
415.125488	386.589661	116	
168.736572	-442.520752	228	
243.456726	-284.857208	229	
-172.549515	223.828552	232	
47.778965	-282.883911	231	
-181.251251	210.780853	232	
285.927765	-179.332428	233	
52.299736	490.328979	234	
-53.747177	266.468109	307	
-105.381607	107.903778	111	
292.150543	23.029209	237	
-417.344482	-308.234192	262	
434.369263	435.222504	496	
33.544777	-237.326981	240	
175.311569	310.451996	241	
69.536865	-370.799286	242	
-480.455109	415.128540	370	
-194.873566	-32.571762	2	
-248.033554	413.681091	245	
-482.951813	-191.700516	326	
-193.718735	-399.549988	949	
-17.895937	-316.894470	817	
215.406067	-382.525238	249	
-336.149109	151.019577	486	
-163.875763	-173.668854	813	
225.513702	395.868073	252	
325.684021	415.412964	301	
-253.478149	-279.460632	254	
157.688614	-27.494192	548	
335.323517	-10.446012	816	
120.862183	295.835266	223	
429.430054	-222.060654	861	
-70.236206	493.345428	259	
365.320038	-342.803680	260	
63.549278	-6.679445	19	
-427.769501	-281.165741	262	
210.112457	-455.481750	228	
-236.877121	-208.959900	790	
-216.438416	448.728729	265	
-282.318634	284.052246	876	
-39.899380	-95.085564	594	
302.969879	-165.655457	268	
-171.055344	264.108307	269	
472.394226	129.428329	400	
-233.136658	-307.022400	372	
387.663605	-234.791901	529	
-95.668076	475.320526	822	
336.413208	-261.556580	755	
-10.966152	22.005022	653	
114.160301	239.686371	924	
-271.159210	-300.212982	727	
139.356552	-497.243134	278	
-172.188400	-168.298447	813	
-490.387878	-195.904251	576	
348.608917	70.959091	77	
-319.073730	-41.377304	282	
232.077896	362.954620	283	
-172.252243	199.367828	284	
-285.542267	-311.598328	285	
-450.103607	302.562012	8	
169.387344	-468.597229	228	
193.792694	170.759323	288	
-447.457367	498.570923	289	
-324.599121	-491.816986	999	
427.687469	356.791901	291	
372.951630	-462.281799	292	
-416.576111	269.796143	350	
-230.783340	-402.456116	30	
193.452835	-187.998383	914	
139.694092	-138.101990	637	
-174.378342	-468.714661	17	
-288.663696	225.078049	298	
-400.192200	277.620667	497	
-180.019165	453.021576	300	
344.249603	380.708984	301	
439.477448	253.660614	478	
-6.672025	337.084534	303	
410.133118	-393.698822	304	
-473.693909	299.754028	460	
-169.119263	-60.551910	977	
-61.982632	265.069794	307	
76.556740	476.406036	308	
-114.144562	-423.786133	559	
-306.274994	-103.805305	310	
-490.222382	-259.555695	148	
182.622192	-320.078247	312	
-106.815071	173.249786	65	
373.543793	83.382904	314	
-48.553467	109.688995	579	
-158.649094	440.569763	618	
93.153297	-121.412903	374	
376.241028	455.143860	318	
384.406799	-159.000717	647	
170.193253	34.724297	320	
-90.998711	44.501961	652	
-471.481659	-272.875885	148	
-98.303970	120.309052	629	
111.958206	-6.147176	1009	
428.521576	445.299316	496	
-455.161072	-213.349762	326	
100.604355	379.803528	327	
421.439575	256.044556	478	
-281.319122	140.451370	486	
92.136024	-189.355377	374	
-138.214111	219.645920	331	
-128.119980	248.164291	331	
61.895966	-350.139709	333	
-74.838371	261.818481	334	
371.810211	190.340042	335	
428.147736	235.178955	478	
425.055023	-164.216675	463	
-199.450577	-242.777084	338	
131.187683	-24.096191	339	
-197.174820	-431.960175	340	
9.187042	-70.174309	650	
-239.949203	301.705719	342	
-261.961304	-136.398315	343	
336.335602	288.763275	411	
428.485382	160.573486	156	
465.934448	88.721214	346	
-209.966217	13.776243	760	
-6.063342	314.325684	679	
-46.115906	-54.486633	431	
-445.717102	248.338577	350	
465.326355	-242.474411	53	
96.015755	17.576397	776	
474.869415	255.615112	495	
3.583372	91.950714	354	
294.115845	20.436108	237	
274.988342	-13.629436	894	
-8.960157	276.404327	357	
42.874634	-229.658997	358	
351.932343	224.225098	359	
136.893875	278.507996	913	
-10.104805	243.834381	11	
272.722229	-160.149872	50	
357.254974	-185.280441	363	
-194.610535	318.302917	190	
42.287231	112.418831	365	
-60.241489	-112.592819	366	
425.950989	378.447052	291	
425.919769	-78.678337	63	
240.214233	-226.746017	706	
-499.977966	410.147858	370	
-491.831604	-99.956963	992	
-226.159637	-327.234741	372	
-442.911285	-469.979736	782	
95.952209	-164.590271	374	
226.766403	377.696991	283	
-121.983292	-182.544495	729	
15.637577	-256.593506	240	
-70.337173	-330.673737	378	
114.029053	409.540527	327	
22.620380	409.562592	380	
-290.280243	417.730988	381	
140.653488	-308.428650	312	
-88.562607	-251.339935	6	
-3.059179	344.612244	679	
-99.252792	71.378647	385	
416.972412	449.395355	496	
320.604797	-34.967033	717	
102.684196	394.695770	327	
306.085297	8.724809	389	
-217.259644	-468.654785	390	
169.543274	-258.935059	182	
-43.610840	381.718445	725	
-83.999634	-206.844147	56	
-94.368156	290.096710	334	
230.673019	-309.156128	229	
433.411255	-392.183716	123	
-46.395092	428.421082	738	
-282.794922	31.105280	211	
-349.868469	-162.809402	399	
492.598541	119.930923	400	
244.628067	-210.525818	706	
-85.611404	245.863312	334	
-224.279556	-338.136292	372	
-114.287613	67.495522	404	
-159.683472	-201.831436	813	
366.299316	-268.420227	406	
-158.322540	185.184662	590	
-217.911453	402.389771	788	
-382.804565	-447.478699	118	
-38.972916	-454.880188	711	
336.203979	289.747894	411	
-47.554195	-295.863525	412	
450.406067	-20.143091	589	
241.522247	365.569305	283	
-177.264923	-294.114197	415	
-405.208221	-427.814880	707	
474.664734	-86.137413	417	
282.958862	195.951157	60	
-377.641785	313.146545	708	
298.948181	-225.826355	420	
-404.530945	-389.622375	441	
181.464142	62.823414	772	
-486.677490	13.229549	500	
7.044613	-245.248230	896	
68.262276	77.486816	425	
427.648560	172.278641	487	
18.614531	146.943390	501	
294.765228	-70.097771	717	
473.305634	52.260460	58	
-295.632599	-148.791397	430	
-19.451052	-53.322346	431	
46.478390	-371.858215	242	
316.544220	-358.535706	546	
66.467049	148.508911	434	
-318.040924	-283.228790	476	
-496.663055	-355.580261	824	
396.899933	163.034256	487	
-295.674469	-42.200504	438	
-292.297760	-68.894836	439	
-475.774506	135.472595	440	
-385.077545	-383.978485	441	
-184.002991	162.499908	590	
-420.105011	-20.955891	39	
-142.977509	-454.488861	1012	
388.901764	-272.529785	445	
498.267883	-269.192841	446	
279.912659	-372.292877	87	
-291.499268	-167.967346	430	
-433.008881	39.734901	39	
-22.258074	63.960373	222	
-260.298676	178.882843	486	
-51.661579	494.879852	259	
285.117279	-425.225189	453	
-236.639587	-68.202705	51	
-109.887543	-179.300934	56	
233.635727	-181.033051	456	
-278.421265	-401.120422	30	
-127.444000	-192.619675	729	
481.332764	-125.628563	459	
-478.785339	352.113373	460	
196.569138	-408.185303	461	
-12.054861	40.153088	222	
441.821045	-174.729614	463	
374.741089	88.630798	314	
353.172180	478.743256	318	
-440.926422	212.378983	466	
-4.217863	433.957703	467	
-439.802185	-193.486298	468	
456.646088	-212.153519	469	
-107.170700	-190.938858	56	
-107.027145	-494.369720	206	
-428.000763	-6.424576	39	
245.905457	-64.603539	717	
-5.413503	-189.862488	474	
175.064804	-336.690277	197	
-323.757782	-277.616699	476	
496.386597	218.165405	495	
415.410522	278.363220	478	
-358.185242	235.009308	479	
242.590424	-372.161377	87	
-304.520477	20.811499	211	
240.183228	92.810753	544	
325.040100	-161.283798	851	
-264.832642	333.302673	484	
-266.074615	8.367479	597	
-288.573364	184.609711	486	
401.306793	180.996292	487	
25.144756	96.406761	354	
-44.503628	238.221527	489	
173.694427	-19.188046	548	
-299.046356	176.291473	486	
233.843094	-83.525269	35	
260.308014	-258.485138	493	
-277.830658	-23.317783	630	
494.168213	210.607590	495	
429.476807	422.034210	496	
-412.831390	323.341064	497	
463.025879	-151.514206	498	
117.246391	303.982147	223	
-493.523804	-22.323400	500	
23.544609	178.630234	501	
61.424553	-87.526649	21	
-307.884766	-327.218658	503	
-338.477875	-105.049286	915	
464.231659	-110.881058	459	
-224.691269	-181.404297	506	
-229.004532	-94.235687	507	
447.678497	-131.209824	508	
-279.231689	486.036530	686	
-267.920380	492.512756	686	
224.202866	16.057373	511	
392.617645	-422.518036	512	
-22.492886	-230.402802	896	
-196.088547	-68.880676	51	
106.998024	-104.649010	374	
120.692131	170.659714	516	
56.420563	441.655151	308	
-184.510025	389.333679	867	
-76.954781	-389.898010	519	
-165.417404	-157.818405	813	
223.796600	-433.615540	461	
291.640808	459.002075	658	
-228.041656	-63.490807	51	
425.057281	240.420639	478	
473.106873	-152.581360	498	
-89.724571	468.110809	822	
-333.960327	24.531364	128	
-172.431763	340.021301	867	
357.886963	-236.933472	529	
-125.757690	97.649155	111	
383.110352	-178.554260	625	
408.035828	-386.913452	304	
-489.556793	-114.955101	992	
-117.552162	-189.897842	729	
-314.428253	-216.790939	736	
-115.953323	193.484482	536	
-246.818726	359.524200	882	
-436.028931	-312.907562	262	
264.094543	-455.020599	453	
74.320015	-80.778275	21	
226.727005	-197.667892	541	
445.518494	-289.632111	542	
-376.687927	-279.188873	262	
237.614807	103.258965	544	
-407.661774	288.830688	497	
294.480255	-327.122620	546	
-35.266937	-73.941353	431	
159.517227	-9.970278	548	
194.322708	-245.875717	182	
492.194641	328.444244	550	
387.715820	55.171310	551	
-395.317322	0.689805	39	
-65.263901	124.001862	579	
-350.165588	-138.383301	399	
-324.965088	-46.045094	282	
-16.555517	-251.564835	896	
-14.661491	213.168259	11	
-153.243271	-127.314537	977	
-104.732605	-432.991852	559	
-11.242569	-440.797180	939	
-498.530762	446.918610	370	
316.513123	-448.398682	562	
341.924835	-13.662577	816	
-411.852234	136.171875	1002	
437.629639	311.206757	565	
75.942215	-205.348755	358	
-112.867828	279.989777	334	
124.380829	-373.253510	197	
-148.340820	22.013903	105	
-166.938217	-489.228668	17	
-357.091309	-487.759430	999	
7.926881	328.753662	679	
-126.365158	170.678497	590	
363.344666	258.826324	574	
214.671188	196.455963	93	
-480.047363	-227.601822	576	
73.669258	159.530334	434	
340.554108	-216.088867	529	
-19.875586	135.570282	579	
-313.297180	468.632111	930	
452.484070	-388.459198	123	
165.183960	119.467674	639	
-70.514832	493.102539	583	
180.123810	356.447205	180	
66.934349	71.118416	585	
-235.048386	91.071068	885	
-242.379837	-335.259674	372	
-469.721558	-494.705566	588	
429.683197	-14.581174	589	
-148.898071	172.121643	590	
283.291931	124.605713	210	
-272.277496	-210.210297	790	
0.906765	219.274872	11	
-55.230499	-100.601318	594	
-352.541443	466.333038	595	
46.603561	-268.715363	231	
-281.853302	-11.095226	597	
49.220203	19.183218	776	
-335.795105	-51.133545	282	
-85.240158	299.968353	334	
133.946960	83.260300	601	
464.674835	310.982819	565	
414.870392	-188.110443	861	
358.168549	256.659088	574	
157.913864	404.117645	605	
-471.222412	-49.278824	500	
490.712402	168.867889	607	
-382.612457	-281.911865	262	
-250.642914	-117.706985	5	
366.745483	297.052856	628	
-343.744507	-69.000183	915	
-429.628723	-104.325386	612	
-225.723267	-189.454971	506	
-302.542908	-331.286438	503	
20.036161	326.627380	886	
308.948212	355.404968	838	
-170.855072	346.117371	867	
-161.753632	463.504913	618	
366.531067	-287.138000	406	
343.682220	-420.392517	620	
120.801750	-264.137024	103	
481.181549	-193.765762	42	
-347.455811	80.510971	29	
135.796432	277.968109	913	
375.707672	-201.995758	625	
-480.263397	-393.047546	824	
114.486694	-63.902618	1009	
378.104736	274.343781	628	
-140.189148	140.874863	629	
-276.189972	-15.442938	630	
384.862061	-394.641205	631	
476.913879	-413.459686	875	
-35.359680	-260.915497	817	
-237.088196	374.880920	882	
-270.103149	250.588593	635	
-476.490723	270.325195	350	
172.526718	-115.188065	637	
-332.338470	-237.083344	476	
126.301285	122.727516	639	
-202.196930	346.537537	867	
-451.087677	231.399597	350	
-464.115448	208.313461	33	
-170.908951	-327.046234	415	
-297.191498	-64.134422	439	
354.494080	165.762421	335	
304.183899	189.271683	60	
360.826202	-138.201599	647	
-146.434128	29.459953	648	
120.649338	-344.238770	197	
28.607607	-46.435715	650	
421.122955	2.476633	651	
-81.002861	38.361191	652	
-496.588409	367.452209	834	
326.910614	-429.739288	620	
25.290489	424.754791	380	
474.259033	228.938705	495	
-306.447296	89.764954	211	
297.658325	443.330811	658	
164.680603	63.980164	320	
-345.569580	-407.412231	202	
-9.282231	-486.289246	939	
58.404686	-67.292122	21	
-165.594940	-63.880531	977	
-216.640793	-236.969940	664	
168.178909	288.320557	241	
218.760971	262.579559	809	
-41.385204	456.132233	738	
60.266972	253.790558	924	
-308.620941	-81.528786	915	
478.252411	72.901604	346	
-281.309937	-436.380615	54	
461.604309	122.024063	400	
-257.120270	456.429138	265	
-108.392654	-260.211700	674	
110.595703	407.967224	327	
254.338806	126.728180	676	
127.020660	-414.657013	945	
-410.532593	145.609970	1002	
-4.755020	336.989044	679	
-34.997314	315.241455	680	
27.348160	-466.068512	939	
103.404404	495.535797	308	
-387.831512	-261.584473	262	
-442.947937	130.022888	997	
-235.034317	-259.381439	685	
-238.800171	494.957397	686	
-479.986450	121.978043	687	
234.959488	211.445450	93	
-296.303986	-293.309570	689	
-409.096252	171.693085	1002	
51.013111	-300.958710	231	
-425.258118	302.445648	8	
-279.505310	414.614136	381	
-177.323334	471.666229	694	
164.646927	-263.368103	182	
414.584412	-2.168268	651	
291.250061	17.845272	697	
253.258698	-247.195221	698	
-139.122726	-43.499203	977	
305.484894	47.404526	700	
-434.666046	-401.582336	701	
-140.885468	-326.840454	415	
148.430878	-106.345741	637	
-323.837250	216.330887	298	
-166.082443	-119.022163	71	
232.290863	-204.437790	706	
-374.378387	-413.187744	707	
-359.069641	340.070953	708	
367.684540	-299.051758	406	
301.129150	-493.566864	562	
-93.733101	-428.232910	711	
-289.554108	-69.118378	712	
317.070618	-420.687500	620	
-161.690567	-244.524750	765	
331.214478	89.392784	77	
60.751499	-178.316299	374	
288.120209	-52.694679	717	
33.334194	88.235680	365	
31.352997	-44.079750	719	
485.872559	-242.950592	720	
487.796722	163.316315	607	
-411.861450	373.762177	993	
-138.360077	190.832794	590	
-471.204468	-470.857788	588	
-87.717949	360.356750	725	
-323.253632	-78.891785	915	
-263.227081	-290.771576	727	
-116.388260	242.562592	331	
-129.478485	-226.084412	729	
58.379532	-240.211807	358	
252.670639	-252.415070	698	
-481.271088	-164.276505	1023	
215.668732	197.363373	93	
-8.078903	226.158920	11	
23.648680	-361.559021	333	
-355.230896	-184.812668	736	
-412.426758	51.960289	174	
-22.317350	435.572021	738	
-43.972225	-193.906464	779	
390.293121	364.473053	740	
81.607880	117.143753	434	
436.238953	135.872604	156	
-335.367859	-148.458603	399	
-416.141846	343.462463	497	
-467.773651	-132.888794	1023	
340.951263	11.880339	816	
-429.215576	99.453568	997	
9.845972	-422.863800	801	
191.470154	33.163963	772	
-352.990082	-76.542915	915	
362.337891	-494.935028	292	
325.250732	441.303894	658	
-376.112885	-394.063965	753	
-380.113129	-310.205811	262	
342.045532	-277.979462	755	
202.645187	-437.028168	461	
378.432220	-366.243744	792	
106.179474	143.602249	639	
-230.501205	-164.927597	759	
-261.088348	-17.917664	760	
-427.202454	-155.579773	986	
23.827194	-330.329041	138	
110.729454	-206.441910	374	
-450.826874	-86.555061	992	
-168.920731	-244.509491	765	
480.096588	458.135712	496	
-359.005737	336.567932	708	
401.345428	-57.252586	589	
238.832825	212.246246	60	
-390.515839	451.157867	770	
403.592590	-476.044586	771	
202.766006	47.782600	772	
-56.756706	-341.487885	978	
-210.343384	-292.314789	415	
-174.135864	38.764477	648	
84.092201	18.861055	776	
405.292084	159.855301	487	
-139.751785	61.200737	1019	
-41.193398	-199.966431	779	
392.437408	-90.482262	63	
308.150543	-186.889648	926	
-431.716095	-484.123657	782	
-1.911759	-40.880352	783	
-278.549316	248.776260	635	
-141.741959	-425.359619	785	
250.555878	158.732590	786	
-399.010529	64.024628	174	
-212.009048	424.272827	788	
417.739868	-116.920532	63	
-240.265015	-224.483139	790	
52.887978	-416.332581	801	
369.996429	-348.048676	792	
234.887482	150.039551	47	
258.290588	371.490234	283	
489.378937	-270.251709	795	
259.231812	480.304169	796	
-452.054291	-418.706360	701	
496.514923	-130.715393	798	
6.284893	-212.975525	896	
-183.911530	46.759487	648	
35.409809	-400.352539	801	
-432.158569	469.643829	802	
116.149429	204.531311	985	
123.577057	-37.178101	1009	
-120.219078	-47.799141	977	
-289.374817	-288.567352	806	
200.202042	-240.621658	182	
253.803558	-244.106735	698	
231.677948	262.178192	809	
-407.368225	-421.733337	701	
229.102432	113.676430	544	
-50.759464	181.517899	207	
-178.670044	-202.332703	813	
343.458954	421.244324	301	
-262.921844	-198.974762	790	
360.445679	11.650443	816	
-35.882683	-288.147522	817	
-350.917389	465.656036	818	
-296.667480	197.333984	486	
44.606926	289.965759	886	
-67.359268	19.068241	652	
-79.677971	468.308746	822	
-122.352837	-210.361267	729	
-460.496399	-366.902344	824	
-335.818054	-129.824158	399	
241.061157	-269.378510	229	
29.372990	194.738800	501	
77.063141	343.821411	223	
380.646576	-452.846069	292	
446.408203	91.760872	346	
-409.563507	-475.598419	782	
348.141266	-55.276363	717	
-212.636169	322.370758	190	
-475.746277	361.874390	834	
182.387955	-473.943695	228	
141.547379	267.117432	962	
-387.642731	-203.509598	736	
295.019684	373.553589	838	
-56.661903	254.200165	307	
288.990570	200.608368	60	
424.608765	291.044891	478	
79.295158	139.186081	434	
-297.709625	426.549927	381	
-385.075714	450.803650	770	
-339.344147	133.191589	29	
76.563240	-225.261063	358	
-276.907837	-112.903770	343	
64.359840	-317.884125	138	
249.448959	125.454010	676	
481.691956	-85.555466	850	
305.695892	-160.946701	851	
154.101379	418.348480	852	
447.230469	-379.361145	123	
-437.269653	-264.436859	998	
-459.895386	-103.780983	992	
-456.464783	472.782257	856	
314.083282	-304.125580	857	
381.121765	260.234222	628	
321.713745	9.683191	389	
16.505898	-8.624822	150	
411.906433	-202.928955	861	
-401.648193	451.172424	770	
423.983276	398.402863	496	
176.164688	461.133179	852	
-120.850266	-498.762177	206	
215.326309	-455.226959	228	
-173.758148	358.856323	867	
-175.746384	239.978012	269	
4.381239	61.691761	869	
-190.037125	-421.802338	340	
29.989004	490.104065	903	
-410.931488	-411.544098	701	
66.496490	-487.560791	908	
-335.436676	188.603943	486	
498.193329	-432.246338	875	
-271.957703	283.079987	876	
-69.326431	-390.678162	519	
329.179291	-66.424545	717	
487.919220	437.956696	496	
156.342392	-252.080460	182	
316.140717	277.908569	881	
-226.989899	366.977081	882	
181.051849	-66.526413	883	
487.496429	98.036888	884	
-244.925735	96.230209	885	
23.889839	324.272522	886	
337.478516	-245.053925	529	
-490.076538	-415.874634	824	
422.346405	-427.955414	151	
-103.538811	228.386932	1010	
448.773621	44.527710	346	
-8.809864	317.537781	303	
-377.937439	-1.410365	128	
265.374176	-13.913899	894	
-402.710236	241.160339	117	
-3.040999	-234.949799	896	
179.708176	-397.471283	461	
471.779297	-387.547821	123	
197.425781	-465.201385	228	
-138.971024	-68.740189	977	
-227.448318	-119.966599	5	
461.983032	371.223572	902	
18.391430	493.286072	903	
8.273422	258.660309	357	
-403.807678	355.950043	993	
-219.658585	-147.090942	759	
-211.236954	-467.382721	390	
52.130760	-495.603455	908	
399.623871	201.822281	487	
-180.838470	-437.148743	910	
-32.913803	-164.597031	68	
-340.461517	-202.614044	736	
169.528610	315.777374	913	
178.108276	-175.949188	914	
-327.225891	-79.756889	915	
-91.399757	200.584534	916	
409.476593	489.347565	938	
12.881637	41.478394	869	
-271.261108	-58.897736	712	
479.394806	260.263794	495	
-338.689575	-272.649994	476	
223.259506	-113.111496	637	
-343.567841	-443.582916	923	
82.890869	234.525375	924	
268.009888	407.299469	838	
309.078979	-184.100266	926	
-296.942841	-274.623688	806	
129.652618	238.257950	924	
-439.355408	466.996857	929	
-306.541138	446.391632	930	
-110.875610	-392.297913	519	
420.192902	330.961578	932	
248.647339	487.393738	796	
-107.120811	70.284668	404	
-138.838165	-161.705460	813	
249.687607	-352.626465	936	
338.797913	-149.569305	647	
417.255829	480.083282	938	
37.192165	-459.272095	939	
98.230721	-265.813232	103	
-80.466896	123.311165	385	
-31.814545	43.504059	222	
403.726349	-207.848602	861	
-104.315727	185.030579	65	
122.167587	-453.807587	945	
255.950394	295.880005	946	
-294.367065	134.677948	486	
380.691772	51.933765	551	
-205.991440	-410.874115	949	
174.322250	187.356598	950	
-498.972443	-393.110291	824	
-64.565063	75.075150	385	
200.803940	-21.198511	953	
453.566742	374.485779	954	
276.614136	-3.346622	894	
437.956085	-247.396194	956	
-253.328384	-41.763275	957	
405.817810	-161.071503	463	
45.047344	132.937073	365	
-274.995209	-192.740707	790	
-360.851044	-191.713150	736	
176.604324	243.721786	962	
257.563721	-55.474251	717	
-369.325531	-101.907524	986	
-311.184143	-325.293365	503	
-206.850372	-387.337250	949	
-306.636597	-140.665649	430	
228.255096	-234.847809	698	
315.080597	310.199554	411	
491.031952	-464.795685	875	
354.339966	-325.646729	260	
324.537628	350.957581	301	
-130.189545	108.521286	111	
-106.115189	239.195770	1010	
-207.555054	428.011597	788	
187.658432	-278.838806	182	
-164.524261	-85.475388	977	
-58.470219	-357.220276	978	
386.512268	457.860291	979	
464.431885	448.892303	496	
-150.389282	303.232239	981	
-456.923615	127.769890	440	
-19.736111	497.580353	903	
-138.022873	-108.534874	977	
141.782883	183.910065	985	
-403.704773	-128.431473	986	
163.470322	207.044296	950	
89.979767	-351.425934	333	
281.641357	-464.913635	562	
283.502563	499.518219	796	
320.568024	-150.871063	851	
-468.013245	-107.794670	992	
-405.636932	372.469177	993	
265.260651	-265.553680	493	
-324.646057	376.229156	995	
13.458848	472.524414	996	
-427.275055	135.994736	997	
-453.484375	-274.025513	998	
-336.913971	-492.384125	999	
-262.483246	291.118439	1000	
-239.160217	111.686470	885	
-412.604980	143.673187	1002	
41.720154	238.036270	924	
493.625580	3.296912	74	
336.996124	178.650848	335	
-135.723175	-307.890320	415	
-236.873978	-235.165390	790	
369.019501	-188.649780	363	
123.487053	-25.563717	1009	
-86.959038	211.953049	1010	
-297.886902	472.792816	930	
-159.685822	-439.812134	1012	
370.720551	101.908028	314	
-226.403839	95.533607	885	
410.918121	-67.470253	63	
-75.530769	296.806580	307	
410.544800	-440.067413	512	
-467.384949	428.952087	370	
-119.340179	52.439152	1019	
236.320435	465.480103	1020	
383.099487	-332.406799	792	
141.564972	7.907391	548	
-456.296326	-121.372070	1023	
-316.121338	152.224121	486	
327.350555	63.142239	700	
-350.526764	487.611481	595	
163.705643	398.156219	605	
-57.227314	430.771301	738	
33.189953	-188.568893	474	
-401.956512	-452.248444	118	
-125.149933	430.851044	618	
124.449493	72.416008	601	
434.236755	116.119682	346	
345.932007	299.998352	411	
-146.839081	127.348839	629	
-207.080460	276.822083	190	
-470.515259	-59.472233	500	
325.982574	383.300476	301	
51.432491	-83.509598	21	
329.321503	14.533877	389	
-427.309357	389.383911	993	
-16.347021	13.833404	653	
-97.477318	-51.929832	52	
200.020309	-205.997787	541	
149.742004	147.163086	639	
-337.394043	440.082611	818	
163.081406	469.567352	852	
-438.286957	295.549927	8	
-108.883980	-153.017578	185	
-468.049866	-323.696075	824	
220.535751	-251.005447	182	
-160.027588	232.647537	331	
31.825066	-364.829773	333	
-160.202621	335.190521	867	
447.768036	-15.067458	589	
-316.912476	147.538544	486	
-304.770874	-189.380112	430	
147.898499	-127.667038	637	
483.868347	263.448944	495	
236.328659	295.399139	946	
-496.677216	15.934885	500	
-340.299133	355.907257	708	
329.912354	-112.267670	107	
448.194031	227.529709	495	
-139.522141	175.297729	590	
-80.075172	358.385193	725	
-80.545578	-446.385651	711	
-111.448616	201.512878	536	
-346.801727	185.381241	117	
-235.172394	-78.290108	507	
52.760841	-74.967323	21	
-410.311371	84.733543	174	
-140.736008	-85.354118	977	
264.009521	-137.160095	50	
-496.054382	223.317749	33	
228.814240	-356.757416	936	
-398.778656	62.696995	174	
284.248352	451.248413	658	
339.608368	-395.553314	620	
158.417343	-130.725708	637	
-227.374588	422.035156	788	
-97.231659	-488.276215	206	
-111.181465	-129.012222	185	
262.601074	-365.002716	87	
363.913300	-361.057098	792	
140.523193	367.757141	605	
-224.481644	468.978455	265	
464.127899	253.226822	495	
-145.749725	92.835190	111	
-70.246071	-248.747467	6	
426.967499	23.877918	651	
349.213715	426.646301	318	
-143.806488	-184.535202	813	
-222.180817	-421.934143	949	
62.284767	441.979095	308	
70.068062	82.502304	425	
221.094009	358.020721	180	
-65.183075	322.148560	680	
-400.211761	-323.601166	262	
369.206238	106.152771	314	
-492.101440	33.120274	500	
-431.373993	-117.665977	612	
-358.922791	238.527542	479	
84.516167	-483.653290	908	
-337.047516	78.631462	29	
380.331696	-351.300476	792	
-34.532009	369.793549	303	
-480.417236	-195.389572	326	
-173.075623	-95.601318	71	
-272.898804	-226.395065	790	
-121.469437	-218.496536	729	
-446.162170	-149.870514	1023	
155.791397	-8.793324	548	
73.209763	-424.277130	801	
68.693993	-261.324615	231	
6.157398	-380.992950	801	
-473.876923	84.475037	687	
-95.890549	104.057785	385	
104.244408	430.982178	203	
480.778229	-341.916656	542	
463.464783	36.613880	58	
-20.728319	90.451721	354	
-122.587440	-253.756851	674	
-485.919067	319.452942	460	
167.096024	-111.853035	637	
398.742554	394.304321	116	
-220.911346	420.427368	788	
29.228210	-175.463135	175	
-416.021759	428.781281	37	
-456.873077	409.559479	370	
-224.119461	373.024292	882	
290.137634	-147.704041	50	
154.524200	229.708496	962	
-489.882538	243.789429	350	
-58.566391	-89.114487	52	
-388.574890	-190.371933	736	
400.423645	88.716743	186	
-226.102798	-382.055054	30	
-248.571457	-298.076813	727	
-340.057983	-254.949890	476	
-273.461121	20.930649	597	
329.749573	-188.931702	926	
-476.587921	465.592499	856	
-36.682278	475.709961	259	
222.676270	-82.856445	35	
-129.818176	28.568626	648	
411.991730	-71.007729	63	
-125.771042	202.889496	536	
-338.996948	454.317993	818	
376.558411	-385.739960	631	
1.673281	-159.201080	175	
499.812439	-329.451477	795	
350.247559	-306.039398	755	
-69.608810	157.278366	207	
254.324310	-120.045364	50	
-10.857105	250.136490	357	
33.589600	162.128143	48	
-333.246979	-463.642883	923	
417.861389	-302.639801	542	
370.893005	-426.081390	512	
-431.025330	75.591866	174	
287.987000	75.404289	64	
318.067596	-74.348152	107	
313.740723	356.043030	838	
285.123840	110.367355	64	
-326.349579	-400.489746	202	
-409.254333	133.099854	1002	
-63.166798	299.852905	680	
-14.189779	217.714310	11	
-10.894775	88.607254	354	
106.660309	157.581924	516	
-434.985718	-54.431080	612	
193.916794	-236.363434	182	
16.779900	-422.622681	801	
496.921356	362.501160	550	
357.017395	-463.848419	292	
-32.750011	-373.102753	978	
239.610733	63.730476	544	
-451.671356	-450.459320	782	
54.406704	38.645924	585	
-365.596649	-354.693787	202	
-210.008118	-289.679535	415	
-479.015259	404.237274	370	
-322.370575	-78.982887	915	
-309.682831	-82.061531	915	
313.372253	-225.044098	420	
35.937668	242.205856	924	
391.602875	-18.183350	651	
-452.878967	30.145287	39	
420.353485	-415.448029	304	
-117.806854	-281.044647	674	
1.614749	8.947253	917	
-433.394714	29.931963	39	
395.232391	207.561371	487	
301.236816	397.878540	838	
69.742378	211.250839	924	
-125.600456	-252.811523	674	
-194.046082	-361.208618	372	
301.238770	-314.087585	546	
-153.935699	-393.734161	785	
-70.464287	-11.541009	106	
158.313339	490.073730	852	
-402.588562	-443.320984	118	
-59.253246	451.911377	822	
-294.900818	253.148193	635	
-112.609894	-177.109421	56	
344.636902	197.290115	359	
-455.910431	-496.755951	588	
225.358902	304.482819	946	
436.773468	-349.452881	304	
-267.259918	80.082832	885	
247.662003	-261.603790	493	
271.531097	-164.192383	50	
-174.667770	276.554352	269	
86.694717	481.653564	308	
245.935791	-130.956345	50	
116.427658	-286.319458	103	
234.108032	-242.229874	698	
490.579773	483.129028	938	
-67.036095	419.902496	738	
481.613922	-347.357422	542	
-481.277130	400.304565	370	
-454.094421	171.835724	31	
-370.232727	497.167938	595	
-334.459625	83.862663	29	
454.461700	-170.201538	463	
-433.726379	446.226135	37	
375.375641	180.334152	335	
187.721725	170.913940	288	
-195.449356	-396.122162	949	
-428.073303	-414.508240	701	
-80.614418	-395.785370	519	
-494.759308	-349.879791	824	
426.903412	-220.112503	861	
125.120461	-54.572136	1009	
-195.008911	-100.110413	71	
-146.094620	-33.836811	105	
116.500198	-158.461151	374	
-363.134857	-470.739441	118	
140.359100	-166.188812	914	
-436.244415	-94.262123	612	
139.794647	325.123474	913	
-383.861755	330.364166	708	
-235.682434	257.267548	635	
-90.335159	-117.611977	185	
-361.125244	187.379120	117	
-302.116852	-458.715485	54	
-296.882324	157.784698	486	
388.686310	294.649841	153	
-254.831131	-64.991058	957	
205.529266	-1.235485	953	
-248.618576	-361.440857	30	
401.448181	-245.302612	445	
201.635178	19.014954	511	
281.709656	428.679810	658	
-192.788010	-432.445435	340	
-267.396088	-234.562241	790	
124.159035	-31.444609	1009	
-142.746979	-142.758286	977	
-380.392487	102.410553	29	
-284.226746	-192.060150	430	
217.676819	59.321285	772	
-455.296112	-39.230556	500	
-297.904877	-337.595398	503	
-383.246063	444.114258	770	
-86.199257	-248.673737	6	
-101.773293	-16.069830	105	
-76.062798	-391.910767	519	
-392.567627	-34.657776	39	
85.577431	84.949730	425	
-1.268595	300.723022	357	
410.649902	18.399834	651	
-38.872452	63.103737	222	
-233.697418	265.198883	342	
90.492607	381.952759	327	
343.362396	-204.246460	363	
-336.213226	193.980270	479	
249.648926	-382.082550	87	
304.066406	-274.650177	857	
-284.274353	310.927216	1000	
-270.204529	-190.341354	790	
51.805138	-279.691467	231	
-66.863922	181.436127	207	
275.236420	447.738708	658	
-220.258560	38.231312	885	
228.360657	-118.406296	50	
-71.693840	45.380474	652	
112.181839	-204.970627	374	
404.146729	-400.904205	304	
161.453903	-185.178513	914	
-496.289215	44.616936	500	
-353.309296	-403.577881	202	
308.070435	29.558182	237	
-467.446106	-195.205383	326	
-477.763794	84.536072	687	
393.871307	-187.103271	625	
-438.739990	241.202896	350	
422.628937	-146.615265	508	
401.915314	-242.468506	445	
-393.448486	418.985352	59	
-377.885040	422.696167	59	
-52.662937	-430.613129	711	
492.867706	377.457275	902	
-280.165588	410.011169	381	
-105.460136	432.247406	822	
-392.523438	326.118713	497	
-297.993011	387.378693	85	
341.917877	310.007629	411	
276.858154	211.922943	60	
310.894257	318.474457	411	
-340.248169	440.589417	818	
-446.773651	-112.073509	1023	
-456.877014	-119.205833	1023	
62.577785	100.628616	365	
-113.172768	495.168457	583	
295.612701	-397.354980	453	
17.294943	-195.347961	474	
480.180023	-353.430084	123	
296.449829	423.428131	658	
370.251190	234.322372	359	
363.037933	394.074188	301	
278.520813	447.300568	658	
263.390533	490.423553	796	
125.717636	53.001343	601	
-101.944176	439.828583	822	
-397.358551	235.441269	117	
133.345779	-247.263794	103	
-448.571167	-267.083771	998	
-220.480438	-470.633911	390	
-280.466797	399.617310	381	
478.021271	262.655212	495	
177.098816	41.176022	320	
264.102814	-195.433411	233	
-268.099060	430.284210	381	
-199.672318	-171.659943	506	
-136.077103	-69.018517	977	
30.163109	-435.672729	939	
-498.944672	-384.243866	824	
118.517517	-104.724319	637	
-340.592255	114.808861	29	
-65.379623	92.830124	385	
103.907166	-230.071045	103	
220.494507	-465.968262	228	
327.505402	-234.067291	420	
-12.482375	66.260399	222	
-412.641571	430.183289	770	
-77.359497	-39.653599	106	
-489.341217	-38.598270	500	
331.593262	-420.080780	620	
181.893890	-260.673035	182	
-68.188217	173.947327	207	
444.384918	-222.145493	469	
498.134064	498.348999	938	
-143.550156	325.854431	981	
145.049805	-186.627930	914	
-238.010162	-99.269508	507	
-190.088654	323.371002	867	
-77.839851	334.029724	725	
150.165085	165.623062	985	
-226.554337	-152.483078	759	
11.535109	279.328705	357	
-157.545273	223.713638	331	
-56.696682	221.847717	489	
78.183655	-421.702454	801	
478.996643	223.347366	495	
446.070068	485.337128	938	
343.326752	-204.751495	363	
-299.070129	217.408661	298	
-480.065308	-132.426270	1023	
418.858704	141.019409	487	
-442.890259	-347.445465	824	
369.308105	-4.990726	816	
459.360962	438.312592	496	
-452.237152	16.496241	39	
462.019196	-4.507154	74	
-310.352386	-58.437080	282	
318.006531	-215.110306	420	
-230.263626	-14.180451	760	
55.496037	5.754232	19	
6.878674	-75.387032	431	
305.778259	-18.277317	389	
384.006622	-148.969208	647	
185.948547	-189.608246	914	
-290.261749	-141.845398	430	
311.825439	-179.826202	926	
-362.740021	9.821415	128	
-51.968307	-172.172073	779	
-445.948090	97.564278	687	
-122.519226	-346.939697	378	
-431.516632	159.938995	997	
-99.494637	-34.282715	106	
385.081879	-150.276123	647	
364.667664	-464.327545	292	
282.566010	-254.589294	493	
-283.039429	-442.763855	54	
-353.151978	-305.503845	476	
18.298388	142.527817	501	
-325.361572	196.579758	486	
-183.201965	-425.939484	910	
464.711853	-357.456116	123	
-462.761353	43.049274	39	
91.488121	-71.868866	21	
-3.231585	-207.201218	474	
212.440430	-424.635223	461	
-213.732925	-207.674622	506	
-319.732483	-60.826599	282	
84.089401	457.471802	308	
-184.260849	-367.889801	949	
144.953247	-51.091789	339	
-372.772400	-86.379913	915	
-230.559052	-49.141258	2	
377.371552	-457.653137	292	
335.026093	39.115311	700	
328.353058	-248.444260	529	
-432.909271	37.822842	39	
-136.935440	218.090363	331	
353.534515	-197.820251	363	
486.532318	117.918907	400	
316.109894	-237.127869	420	
219.747955	-109.900269	637	
265.929932	159.540710	786	
-144.838837	36.912262	648	
-127.476486	-128.061646	977	
182.684662	-299.708618	312	
-431.789398	-232.617889	326	
246.061859	130.446671	676	
363.086578	-16.018778	816	
437.583099	-29.486418	589	
-355.810242	-213.376526	736	
299.704681	-493.628571	562	
368.839630	272.301361	628	
-111.166656	-372.537476	519	
451.173950	-0.013947	589	
-447.370178	-317.329285	262	
-94.358536	-249.118713	6	
-203.524078	496.943176	686	
405.400696	360.029755	740	
316.505249	297.612854	881	
-154.471283	441.802612	618	
-362.575653	241.507233	479	
-180.580353	110.346855	111	
-339.044312	499.180206	595	
39.403976	450.354156	996	
-210.209427	-497.015991	17	
-259.531464	-91.374550	507	
-41.471333	205.101364	11	
-192.964554	110.502068	885	
139.523453	-72.992653	883	
-57.474941	272.536102	307	
32.150089	409.960388	380	
128.146591	-270.619934	103	
-3.555536	-109.664230	68	
-7.795125	429.739716	467	
487.951324	-280.469727	795	
166.368484	-40.001183	883	
95.666946	418.527496	203	
21.908642	-274.437042	231	
-191.819962	365.086365	867	
392.064331	-192.388535	625	
-82.248810	339.761566	725	
184.945282	-32.091827	115	
62.486290	464.352600	308	
-60.792477	-43.442490	106	
-233.717087	-55.491180	2	
-403.657684	-389.122650	441	
-164.972839	206.544281	284	
-221.186646	-271.547089	685	
333.101624	36.632954	700	
314.397278	-71.302711	717	
68.229019	346.448486	223	
-267.978821	31.393826	211	
-374.806641	-406.119904	707	
-91.298637	33.087612	652	
121.949020	299.370514	223	
-445.273010	395.712860	834	
447.503815	-269.260010	542	
258.808075	9.553313	102	
295.675293	-157.345001	851	
197.628922	-342.947723	197	
407.193970	225.281296	487	
456.520630	457.302460	496	
-26.244610	-417.504150	519	
455.342834	-8.802801	589	
393.487762	-386.853760	631	
-223.858475	-332.126770	372	
269.672638	-384.622986	87	
469.748016	374.185089	902	
-101.723671	169.860367	65	
-136.562378	-132.510727	977	
257.296204	-225.316757	698	
497.603302	-268.796173	446	
269.304230	204.959213	60	
134.885193	160.302048	516	
-466.446136	53.789795	39	
-268.406952	329.931305	484	
-174.654938	99.603951	111	
149.837082	69.351913	601	
-16.117573	467.628296	996	
160.582779	-168.934082	914	
494.335419	-411.637848	875	
-446.630646	-414.034546	701	
-430.294250	355.269684	993	
-331.462006	-9.845108	282	
258.567444	23.708761	102	
-38.256855	255.301773	489	
-167.207932	-419.353149	1012	
-180.781998	230.483948	232	
-320.170959	-285.633636	476	
210.300446	374.949158	283	
108.261108	369.284576	327	
280.904999	422.653900	658	
-315.247223	492.359650	818	
-206.440277	-339.102386	372	
-437.331238	419.465057	37	
-114.432426	-118.791786	185	
38.397728	214.000290	501	
-209.168228	-466.781708	390	
112.617790	-286.952667	103	
402.032013	423.347778	116	
22.512257	31.608879	869	
-268.645416	-187.486084	759	
-473.837616	-2.733320	500	
176.239853	290.826447	241	
316.472229	353.495178	838	
-19.586681	-260.937256	896	
399.656250	277.460449	478	
-100.454002	-431.707794	559	
129.919708	180.909988	985	
-425.340240	82.942009	997	
-105.651054	-394.545746	519	
83.322701	-163.191162	374	
194.950348	-137.028778	637	
298.937561	-460.788940	562	
-436.177551	355.683258	993	
-251.827576	-163.903381	759	
313.730591	-264.247162	755	
-406.710999	135.298843	1002	
-93.934296	-234.781479	6	
431.889771	-160.121704	463	
-118.938416	234.227234	331	
-138.157700	-182.450089	729	
155.136948	-487.499756	278	
-54.301708	311.437836	680	
-472.913971	375.260284	834	
-38.031071	-376.567322	978	
-364.085449	437.163239	59	
87.320625	-469.547729	945	
-392.981079	-63.482018	612	
-192.372803	-131.592270	71	
-408.822510	249.469345	350	
480.182037	-388.688385	123	
-294.004547	266.448547	876	
294.780090	-287.853149	857	
-77.224258	-260.767120	6	
406.454681	201.201797	487	
226.230270	337.116364	180	
281.758667	-75.563011	717	
-27.414083	31.455935	222	
-71.368279	339.083130	725	
224.555786	430.260590	252	
254.707031	410.442657	252	
-397.591736	-383.561890	441	
-37.390320	411.218170	738	
134.248917	-166.006088	374	
181.148468	-259.551392	182	
351.480652	466.678864	318	
458.976135	248.437531	495	
-403.076111	-278.976532	262	
171.389633	149.655167	288	
114.263062	-125.789078	374	
-193.394180	-371.082001	949	
-389.739777	-268.673737	262	
180.363174	193.935928	950	
-37.386982	-171.815125	68	
-15.904247	-490.666656	939	
-293.219727	360.814026	85	
266.581177	319.790192	946	
250.819092	416.714142	252	
-233.487122	88.103714	885	
121.289848	-297.633209	103	
406.327362	8.972586	651	
-398.192383	119.232834	1002	
-86.274055	-200.403992	56	
136.862457	262.209045	962	
-306.007080	-253.695221	476	
491.571960	-46.914936	74	
255.829865	-280.333771	229	
-231.474670	470.485321	686	
-497.755768	-263.001801	148	
-114.381668	358.287994	725	
-356.796661	264.615417	479	
-470.293640	366.423004	834	
-352.464386	-219.851044	736	
459.300812	417.011444	496	
-400.749146	-388.995667	441	
-251.465729	-397.423676	30	
-241.368271	358.406189	882	
-411.480621	-373.068481	441	
335.121155	-370.824219	260	
-330.173401	14.794111	128	
206.898865	157.997437	47	
252.943756	187.703781	60	
-81.778526	335.239410	725	
-116.904793	294.540161	981	
-389.822052	393.791016	993	
-416.434540	-357.674683	441	
10.038078	-99.042953	21	
-343.823120	-10.523587	282	
272.800995	-175.402435	233	
126.423302	-5.575836	339	
-161.666367	-298.676941	415	
314.859344	454.266846	658	
-342.191956	-127.511681	399	
280.905731	255.583527	881	
-178.985214	365.761444	867	
472.128204	449.326935	496	
225.817978	-40.635021	35	
-162.086105	115.541817	111	
-423.058624	-111.657173	612	
445.144653	-485.233856	201	
-171.857986	-146.900208	813	
-130.863159	-332.040863	415	
-402.164581	-174.232834	468	
161.773376	-393.327118	461	
-479.748444	-72.312355	992	
-227.479218	-100.184143	507	
167.115326	-374.366180	197	
-37.333130	-36.452293	431	
247.694916	40.489079	511	
-142.679565	-14.366269	105	
-38.629860	313.775787	680	
266.742950	-317.087402	546	
-473.617462	-219.251984	576	
158.510452	442.521454	852	
-453.778137	462.773010	856	
-200.305252	-264.706238	338	
2.494514	402.409088	380	
-335.340698	-134.924026	399	
-57.634117	-387.229156	519	
-391.584686	-29.908716	39	
289.230896	431.461456	658	
323.146271	198.204346	359	
-474.979248	224.586899	33	
52.662373	-116.902649	21	
-313.023102	-70.680771	915	
-251.020935	229.013977	635	
210.797073	-268.491486	182	
-201.751144	-103.832184	71	
-150.751617	338.533691	867	
440.736938	446.949005	496	
-482.140686	236.179886	350	
408.757385	59.326172	551	
482.568085	84.346893	884	
-162.873184	-362.990692	949	
134.206955	-176.013794	374	
394.060089	72.965263	186	
-110.792992	-216.237701	729	
286.763000	82.011162	64	
49.394966	431.259583	380	
-75.202225	371.996521	725	
270.291870	389.855865	838	
-452.752625	298.613251	8	
-477.592743	281.181335	350	
222.154022	-381.691833	249	
304.998169	252.515137	881	
-182.838470	146.575211	590	
58.338882	-464.217773	939	
-468.975250	322.545227	460	
399.878387	-128.059769	63	
107.265770	296.738037	223	
-238.397873	67.029892	885	
152.118378	114.277245	639	
101.960838	136.684540	639	
-363.849823	-141.161407	399	
307.348785	-336.163239	546	
302.533630	-19.001692	389	
-129.316269	-460.662811	1012	
-277.403870	-429.638092	30	
156.519714	470.240356	852	
-478.297119	77.506065	687	
-241.117416	339.108215	484	
-114.081886	-8.773417	105	
-188.433105	-406.812592	949	
-481.602997	-270.662415	148	
343.535309	-463.313599	204	
-78.811287	339.220032	725	
145.417328	-290.096222	103	
405.428223	-67.500084	63	
487.984344	-410.980347	875	
-57.519257	-389.277435	519	
193.715149	-130.394852	637	
11.979401	255.523270	357	
444.520935	-432.909882	151	
-486.252930	-414.512878	701	
-58.188290	429.022430	738	
-466.286865	-149.788849	1023	
-393.387146	495.628479	55	
-281.150269	401.056702	381	
-98.551453	389.041077	725	
54.287674	-168.478195	374	
-215.367111	-474.763031	390	
354.086334	37.216366	816	
414.766296	-18.262655	589	
-431.366241	-4.515588	39	
-48.161209	437.296143	738	
371.730194	471.009247	318	
-369.158325	-422.377899	707	
99.856911	-203.528168	374	
1.372099	197.920380	501	
-8.093089	-247.791946	896	
93.164322	36.840977	776	
-435.973145	-109.072716	612	
-209.587372	-194.306396	506	
83.888535	-125.672638	374	
462.851593	326.166138	565	
-229.162994	197.896362	109	
429.033569	328.738037	932	
82.858681	-71.405022	21	
-362.259552	429.967041	59	
81.663307	-78.126015	21	
-142.892059	-484.961700	206	
-342.210419	-420.934845	923	
-4.312426	-130.522217	68	
-184.677094	453.366272	300	
130.442673	416.217865	852	
382.858582	-312.945099	260	
-393.716248	-383.911499	441	
-92.668953	198.947128	916	
-495.149841	336.687561	460	
-199.710312	-81.649124	71	
347.937225	275.458801	411	
432.425751	433.248413	496	
-92.158440	-71.064056	52	
-311.049042	244.258881	298	
-155.612289	-125.298439	977	
-174.009354	-242.439865	765	
-494.510040	-136.156113	992	
13.727307	271.174957	357	
-49.440323	276.025116	307	
-182.640915	-423.685211	910	
106.032494	424.252045	203	
409.744202	356.677765	291	
-207.478943	-235.480637	664	
-455.224304	-46.529682	500	
250.396667	297.858002	946	
-127.764526	-376.151306	785	
-318.870819	-370.661346	202	
-393.888641	143.065994	1002	
230.040726	-406.374329	249	
-309.342346	-89.015244	310	
-430.374573	-482.982758	782	
224.052078	426.761444	252	
-188.272949	-280.717529	415	
-171.661972	-235.941833	765	
-410.792114	-485.545197	782	
-275.220703	-113.309708	343	
117.910858	67.819473	601	
-125.113693	173.930817	536	
403.036713	-96.028481	63	
-292.787781	94.629166	211	
87.702515	164.254608	434	
392.444794	-111.693352	63	
-446.135071	200.033722	466	
-20.195633	-471.628265	939	
-140.785843	-382.420380	785	
-463.518066	-157.641083	1023	
337.598450	460.269745	318	
268.053528	-164.843948	50	
-158.425323	-261.807251	765	
-491.278564	-54.595055	500	
-413.147064	-466.892548	782	
-317.998322	425.552246	930	
-296.088165	479.417145	930	
-54.895519	-40.778458	431	
450.355286	318.435669	565	
-29.939056	354.917633	303	
-123.543144	192.516022	536	
350.672241	-39.430382	816	
498.818390	302.144287	550	
50.936104	310.865692	886	
197.682983	397.718597	252	
8.684456	-420.279694	801	
207.992554	-216.367874	541	
107.334373	228.736633	924	
35.047947	179.091934	48	
80.341164	-350.847137	333	
467.993195	25.609732	58	
-184.084946	-123.718025	71	
498.992920	-124.899628	798	
420.263519	426.036469	496	
-213.060913	123.719452	885	
186.722107	-367.596069	197	
-487.942657	340.396454	460	
-183.190262	-52.269131	2	
-419.216309	482.778778	55	
163.193344	63.119949	320	
-399.479401	31.113148	174	
-269.636078	347.028198	484	
320.776886	346.021118	838	
-286.665924	266.284637	876	
-83.243011	-446.776245	711	
17.898500	239.945892	357	
198.760330	252.003189	962	
-336.745667	-431.187073	923	
-143.515045	-350.403412	415	
-271.192535	312.789917	484	
-249.717087	413.310516	245	
297.368042	-356.325531	546	
220.735199	464.451324	1020	
-480.797241	-322.214569	148	
-256.293213	94.542442	885	
-408.069733	-387.559052	441	
-427.442291	311.201263	8	
393.581635	474.455658	979	
-337.663605	-169.059433	399	
-86.129990	59.748055	385	
-271.476440	310.030945	1000	
74.290276	107.399048	425	
267.085205	-171.865768	233	
305.901276	-152.662994	851	
111.001968	91.043770	601	
-30.673504	182.974045	207	
-432.403137	255.531723	350	
-82.129601	149.113358	65	
336.956848	311.449768	411	
-94.360023	-274.680206	674	
287.113007	-46.156647	717	
-418.103455	-471.866364	782	
20.354568	295.218811	886	
423.263916	101.120117	186	
3.958702	-287.877930	817	
179.195877	181.448578	950	
466.873993	249.045425	495	
-434.246552	-333.084167	824	
-360.911469	-496.127289	999	
43.364166	-90.487328	21	
7.387877	-303.374329	231	
-218.557510	-221.477814	664	
162.896149	298.876770	241	
-127.515915	222.140671	331	
-70.591003	-273.900665	412	
-422.622345	405.295197	993	
-91.679604	372.169189	725	
-5.205125	437.922668	467	
-269.617279	-422.988800	30	
277.420349	120.375397	64	
49.777805	-372.236786	242	
275.978638	-90.794296	179	
-469.686951	-427.898132	701	
-420.133698	-55.414051	612	
230.539673	373.994934	283	
93.335091	451.372620	203	
-362.420929	-140.306976	399	
-69.131523	354.487885	725	
391.073700	-415.129395	512	
-144.848312	362.290985	867	
-271.257690	-87.931213	712	
-201.041397	-311.952576	372	
147.697098	-281.639557	103	
295.312347	-201.773224	926	
165.068207	-471.233582	228	
260.923431	122.101486	676	
262.073883	259.680573	809	
135.393494	-309.450958	103	
-53.364159	-418.377228	519	
-165.110611	-63.225536	977	
343.518311	165.516739	335	
-20.089537	464.475403	738	
25.508345	112.172485	365	
143.208084	-92.515167	637	
-294.506226	-427.446930	923	
141.774414	333.476471	223	
-470.572296	95.550362	687	
276.773987	-269.056122	493	
-121.391830	177.579758	536	
-434.687073	-487.530884	782	
114.308655	355.987427	223	
75.373169	-164.102142	374	
224.485092	361.406219	283	
-408.042480	4.614234	39	
257.656647	210.108047	60	
-47.877758	-148.117569	185	
268.689331	-118.689865	50	
344.936981	-341.915863	260	
-388.266357	36.692322	174	
-39.846897	102.005241	579	
-254.652969	-283.686066	254	
196.057739	291.687134	241	
-388.756226	16.172291	174	
-361.397705	108.129799	29	
73.445618	-134.213562	374	
-419.157959	317.908630	8	
-78.285042	86.597977	385	
-141.861740	-68.465080	977	
25.505484	43.268562	869	
-129.547592	-496.578308	206	
-272.131561	-251.231277	254	
441.271912	444.826416	496	
490.573242	-443.929810	875	
401.280762	-305.327515	445	
-183.397476	268.118134	269	
-57.967693	348.960175	725	
419.344543	-229.324844	956	
277.966919	128.813385	210	
294.673370	-345.681122	546	
-151.927765	24.771273	648	
3.476322	252.639709	357	
375.194305	193.911606	335	
-461.400543	184.484833	33	
218.176849	85.765602	544	
-494.115967	402.368073	370	
159.377640	-155.599594	914	
-369.220093	-236.255081	736	
-311.219849	-458.288177	923	
178.315277	336.385254	913	
211.119049	-315.542542	312	
247.344437	187.933746	60	
-467.661407	63.128113	687	
-237.840836	101.727547	885	
48.049927	-180.095581	358	
-471.386810	-174.211563	468	
-222.705429	485.166077	686	
-125.063896	-384.053986	785	
243.252808	-195.273849	706	
240.382843	483.041473	1020	
391.831879	194.160522	487	
68.052116	-58.495045	21	
496.912048	-26.156425	74	
-380.316376	236.002747	117	
426.940033	-215.947327	861	
-180.037979	-187.334122	813	
115.352097	89.960457	601	
-244.857407	464.896545	686	
-341.321991	208.149307	479	
-396.074768	-51.467808	612	
385.557709	-159.635925	647	
351.647614	408.416138	301	
5.671322	405.328217	380	
222.823090	-474.988129	228	
41.702389	451.951935	996	
180.486145	-228.086090	182	
-354.941711	387.266052	995	
94.796539	-357.591370	242	
-339.519165	-198.913330	736	
-469.108765	-94.988106	992	
384.343140	-209.430389	625	
-68.044487	-357.782776	978	
-78.927162	147.888535	65	
384.033752	-129.288406	647	
-417.002594	412.413940	993	
66.013756	92.900101	425	
-138.304062	237.958374	331	
247.338593	-167.245056	456	
-402.122253	-6.764233	39	
-343.433716	24.127007	128	
163.787003	-91.529846	637	
11.371792	340.425659	679	
-232.627274	-238.501495	790	
428.701874	-354.467743	304	
115.042923	-271.470337	103	
-246.664169	294.543396	342	
-336.457336	-343.760681	503	
461.015533	403.577911	954	
400.897095	-498.544342	201	
-358.134735	-341.978058	202	
287.845306	321.808929	946	
224.394974	-166.819275	456	
303.161926	100.553452	64	
29.817284	29.255331	721	
127.184273	-355.701752	197	
136.965271	-102.365913	637	
-260.353699	61.176777	211	
80.285728	22.192299	776	
-246.319855	-76.910614	507	
-79.689682	64.954636	385	
-388.932495	-147.200043	986	
-289.705139	-422.805054	923	
-350.052124	380.356842	995	
-148.900604	-89.825836	977	
197.783173	-462.641571	228	
-227.003372	174.323685	109	
142.753479	413.970001	852	
-331.250336	-5.744248	282	
98.323761	247.935898	924	
-470.646454	-331.753784	824	
118.405220	-220.686279	374	
-470.734100	-10.391415	500	
273.307251	139.556473	210	
-382.097870	490.655853	55	
491.752319	188.439011	607	
-490.099243	461.435669	856	
-74.316742	104.189156	385	
-97.357483	272.938782	334	
401.794067	-128.737427	63	
324.035034	-99.383888	107	
-188.769394	-480.978638	17	
-348.773865	-451.712738	923	
-431.583405	321.594604	8	
365.963928	439.496704	318	
-426.314575	431.249023	37	
-181.234634	441.149780	300	
-261.831024	-133.166992	343	
-428.457367	269.475525	350	
-100.827995	171.269653	65	
-25.262714	-4.695326	106	
218.548767	306.535309	946	
-258.325989	457.761414	686	
-245.592209	-473.821960	390	
406.698059	392.141998	116	
49.644234	465.827393	234	
381.029358	-215.407227	625	
-326.149780	22.761763	128	
-429.139832	94.304382	997	
240.808960	493.476379	796	
282.020325	-31.786293	717	
-276.152222	-313.237518	285	
184.696609	-71.563515	883	
-306.167267	182.844284	486	
24.563431	89.542389	354	
294.790802	-360.813416	546	
496.267212	-479.784058	875	
-361.106689	-305.933838	476	
148.352448	-235.073685	103	
427.287170	-494.264709	201	
377.491547	287.755615	628	
-176.999451	-488.396637	17	
75.044868	196.299973	924	
284.850647	390.132721	838	
-479.165558	-85.303871	992	
-351.039825	-290.513062	476	
-257.086639	-294.245911	727	
121.459305	-155.352600	374	
22.767008	492.999908	903	
-481.620880	420.287079	370	
7.467628	297.778595	357	
-35.230160	-379.220856	978	
108.834564	195.824020	516	
-318.664246	-19.325287	282	
-63.318760	1.509130	106	
-218.430878	150.469299	885	
-234.356400	393.382660	245	
-230.065979	14.841974	760	
-31.709433	-462.390991	939	
431.573456	-444.011841	151	
-99.408356	63.455761	385	
157.365387	-471.774384	278	
425.742493	137.060165	156	


0.000000	0.000000	0	
0.000000	0.000000	1	
-1061.773560	-241.017944	2	
0.000000	0.000000	3	
0.000000	0.000000	4	
-721.954224	-374.254272	5	
-594.558228	-1737.185669	6	
0.000000	0.000000	7	
-3890.353027	2770.889893	8	
0.000000	0.000000	9	
0.000000	0.000000	10	
-117.475685	1553.650635	11	
0.000000	0.000000	12	
0.000000	0.000000	13	
0.000000	0.000000	14	
0.000000	0.000000	15	
0.000000	0.000000	16	
-1276.904663	-3395.444336	17	
0.000000	0.000000	18	
183.534271	-25.071323	19	
0.000000	0.000000	20	
778.828979	-1057.055542	21	
0.000000	0.000000	22	
0.000000	0.000000	23	
454.518982	-156.202133	24	
0.000000	0.000000	25	
0.000000	0.000000	26	
0.000000	0.000000	27	
0.000000	0.000000	28	
-3504.258545	911.638184	29	
-2271.216309	-3579.702637	30	
-927.476440	327.952332	31	
0.000000	0.000000	32	
-2376.515137	1037.568115	33	
0.000000	0.000000	34	
1090.982178	-302.680969	35	
0.000000	0.000000	36	
-2146.038086	2182.760254	37	
0.000000	0.000000	38	
-7212.846191	134.552032	39	
0.000000	0.000000	40	
0.000000	0.000000	41	
958.908813	-375.648743	42	
0.000000	0.000000	43	
0.000000	0.000000	44	
0.000000	0.000000	45	
0.000000	0.000000	46	
660.138794	452.272400	47	
109.638443	516.125244	48	
0.000000	0.000000	49	
2920.062256	-1559.715942	50	
-881.699707	-268.319092	51	
-305.965454	-302.126038	52	
941.063843	-481.801086	53	
-1427.031738	-2322.377930	54	
-1606.848145	1957.201660	55	
-642.540222	-1378.604248	56	
0.000000	0.000000	57	
1903.692749	165.507492	58	
-1870.618164	2130.562256	59	
3536.800781	2627.763184	60	
0.000000	0.000000	61	
0.000000	0.000000	62	
4475.262207	-1065.763306	63	
1720.321899	585.629822	64	
-666.336914	1181.183594	65	
0.000000	0.000000	66	
0.000000	0.000000	67	
-72.082069	-864.460510	68	
0.000000	0.000000	69	
0.000000	0.000000	70	
-1495.558105	-845.897949	71	
0.000000	0.000000	72	
0.000000	0.000000	73	
2911.778809	-120.404846	74	
0.000000	0.000000	75	
0.000000	0.000000	76	
1048.891846	232.082367	77	
0.000000	0.000000	78	
0.000000	0.000000	79	
0.000000	0.000000	80	
0.000000	0.000000	81	
0.000000	0.000000	82	
0.000000	0.000000	83	
0.000000	0.000000	84	
-1198.409180	1523.457031	85	
0.000000	0.000000	86	
1799.943604	-2614.631104	87	
0.000000	0.000000	88	
0.000000	0.000000	89	
0.000000	0.000000	90	
0.000000	0.000000	91	
0.000000	0.000000	92	
1094.555908	1032.010376	93	
0.000000	0.000000	94	
0.000000	0.000000	95	
0.000000	0.000000	96	
0.000000	0.000000	97	
0.000000	0.000000	98	
0.000000	0.000000	99	
0.000000	0.000000	100	
360.561676	-264.752716	101	
789.978333	49.143909	102	
1729.005859	-3815.948730	103	
0.000000	0.000000	104	
-797.984131	-33.199135	105	
-443.462250	-135.743210	106	
1285.429688	-392.883514	107	
0.000000	0.000000	108	
-665.072937	587.679688	109	
0.000000	0.000000	110	
-1164.386353	828.838745	111	
0.000000	0.000000	112	
0.000000	0.000000	113	
0.000000	0.000000	114	
385.256104	-70.925087	115	
2028.131836	2010.780640	116	
-2655.851074	1553.301025	117	
-1929.770630	-2281.368164	118	
0.000000	0.000000	119	
0.000000	0.000000	120	
0.000000	0.000000	121	
0.000000	0.000000	122	
3676.907959	-3057.079102	123	
0.000000	0.000000	124	
311.679352	-123.058769	125	
0.000000	0.000000	126	
0.000000	0.000000	127	
-2438.782959	124.696556	128	
0.000000	0.000000	129	
0.000000	0.000000	130	
0.000000	0.000000	131	
0.000000	0.000000	132	
0.000000	0.000000	133	
0.000000	0.000000	134	
0.000000	0.000000	135	
0.000000	0.000000	136	
0.000000	0.000000	137	
147.597260	-970.068237	138	
0.000000	0.000000	139	
0.000000	0.000000	140	
0.000000	0.000000	141	
0.000000	0.000000	142	
0.000000	0.000000	143	
0.000000	0.000000	144	
0.000000	0.000000	145	
0.000000	0.000000	146	
0.000000	0.000000	147	
-2908.124023	-1669.714844	148	
0.000000	0.000000	149	
17.962158	-11.213511	150	
2210.424072	-2241.516113	151	
0.000000	0.000000	152	
785.425537	598.170410	153	
0.000000	0.000000	154	
0.000000	0.000000	155	
1745.560425	600.895325	156	
0.000000	0.000000	157	
0.000000	0.000000	158	
0.000000	0.000000	159	
0.000000	0.000000	160	
0.000000	0.000000	161	
0.000000	0.000000	162	
0.000000	0.000000	163	
0.000000	0.000000	164	
0.000000	0.000000	165	
0.000000	0.000000	166	
363.212524	327.733093	167	
0.000000	0.000000	168	
0.000000	0.000000	169	
0.000000	0.000000	170	
0.000000	0.000000	171	
0.000000	0.000000	172	
0.000000	0.000000	173	
-3623.004883	456.507904	174	
27.342468	-506.170349	175	
-602.097046	-6.232262	176	
0.000000	0.000000	177	
0.000000	0.000000	178	
573.250549	-198.874451	179	
842.450439	1399.933350	180	
0.000000	0.000000	181	
2445.784912	-3317.736328	182	
0.000000	0.000000	183	
0.000000	0.000000	184	
-648.745117	-923.449158	185	
1607.721680	343.931610	186	
0.000000	0.000000	187	
0.000000	0.000000	188	
0.000000	0.000000	189	
-844.995789	1223.357300	190	
0.000000	0.000000	191	
0.000000	0.000000	192	
0.000000	0.000000	193	
0.000000	0.000000	194	
0.000000	0.000000	195	
0.000000	0.000000	196	
1411.461304	-3164.548828	197	
0.000000	0.000000	198	
0.000000	0.000000	199	
0.000000	0.000000	200	
1687.635498	-1962.267456	201	
-2791.126221	-3021.604248	202	
502.262573	2168.687012	203	
671.923523	-916.610474	204	
0.000000	0.000000	205	
-840.871094	-3918.018066	206	
-418.095581	1208.459229	207	
0.000000	0.000000	208	
0.000000	0.000000	209	
1129.695557	529.310242	210	
-2005.015625	379.522858	211	
0.000000	0.000000	212	
0.000000	0.000000	213	
0.000000	0.000000	214	
0.000000	0.000000	215	
0.000000	0.000000	216	
0.000000	0.000000	217	
0.000000	0.000000	218	
0.000000	0.000000	219	
0.000000	0.000000	220	
0.000000	0.000000	221	
-178.474503	489.220459	222	
978.585327	2911.233398	223	
0.000000	0.000000	224	
0.000000	0.000000	225	
0.000000	0.000000	226	
0.000000	0.000000	227	
1949.545288	-4635.803223	228	
971.020813	-1143.725586	229	
0.000000	0.000000	230	
295.191284	-1971.385498	231	
-534.582764	665.093384	232	
1089.916748	-722.034058	233	
101.943970	956.156372	234	
0.000000	0.000000	235	
0.000000	0.000000	236	
894.336792	73.023499	237	
0.000000	0.000000	238	
0.000000	0.000000	239	
49.182354	-493.920471	240	
878.684204	1480.162964	241	
347.172729	-1866.304932	242	
0.000000	0.000000	243	
0.000000	0.000000	244	
-732.107056	1220.374268	245	
0.000000	0.000000	246	
0.000000	0.000000	247	
0.000000	0.000000	248	
667.600830	-1170.591431	249	
0.000000	0.000000	250	
0.000000	0.000000	251	
1377.330566	2477.765625	252	
0.000000	0.000000	253	
-780.262695	-814.377991	254	
0.000000	0.000000	255	
0.000000	0.000000	256	
0.000000	0.000000	257	
0.000000	0.000000	258	
-158.580063	1463.935303	259	
2108.261719	-2066.554443	260	
0.000000	0.000000	261	
-4448.785645	-3223.779297	262	
0.000000	0.000000	263	
0.000000	0.000000	264	
-698.040283	1374.136230	265	
0.000000	0.000000	266	
0.000000	0.000000	267	
302.969879	-165.655457	268	
-900.258972	1328.582764	269	
0.000000	0.000000	270	
0.000000	0.000000	271	
0.000000	0.000000	272	
0.000000	0.000000	273	
0.000000	0.000000	274	
0.000000	0.000000	275	
0.000000	0.000000	276	
0.000000	0.000000	277	
451.858887	-1456.517334	278	
0.000000	0.000000	279	
0.000000	0.000000	280	
0.000000	0.000000	281	
-2935.118652	-303.257843	282	
1839.958984	2961.100098	283	
-337.225098	405.912109	284	
-832.084351	-947.389771	285	
0.000000	0.000000	286	
0.000000	0.000000	287	
722.565430	652.586914	288	
-447.457367	498.570923	289	
0.000000	0.000000	290	
1263.382568	1091.916748	291	
2214.992676	-2795.892090	292	
0.000000	0.000000	293	
0.000000	0.000000	294	
0.000000	0.000000	295	
0.000000	0.000000	296	
0.000000	0.000000	297	
-1539.228027	1138.951538	298	
0.000000	0.000000	299	
-545.930908	1347.537598	300	
2716.316162	3143.160645	301	
0.000000	0.000000	302	
-79.952957	1379.333496	303	
2943.780273	-2650.085449	304	
0.000000	0.000000	305	
0.000000	0.000000	306	
-354.837738	1631.105957	307	
531.936890	3259.053955	308	
0.000000	0.000000	309	
-615.617310	-192.820557	310	
0.000000	0.000000	311	
717.079407	-1243.758057	312	
0.000000	0.000000	313	
1488.211670	380.074493	314	
0.000000	0.000000	315	
0.000000	0.000000	316	
0.000000	0.000000	317	
2843.637939	3660.411133	318	
0.000000	0.000000	319	
675.166016	203.000427	320	
0.000000	0.000000	321	
0.000000	0.000000	322	
0.000000	0.000000	323	
0.000000	0.000000	324	
0.000000	0.000000	325	
-2791.365723	-1234.675781	326	
626.667053	2343.244385	327	
0.000000	0.000000	328	
0.000000	0.000000	329	
0.000000	0.000000	330	
-1472.752197	2587.518311	331	
0.000000	0.000000	332	
287.690643	-1778.801514	333	
-550.283386	1650.675415	334	
2157.388672	1074.515869	335	
0.000000	0.000000	336	
0.000000	0.000000	337	
-399.755829	-507.483337	338	
402.564240	-80.763817	339	
-579.999939	-1286.208008	340	
0.000000	0.000000	341	
-720.310791	861.447998	342	
-1075.920898	-495.778778	343	
0.000000	0.000000	344	
0.000000	0.000000	345	
2273.605469	414.031067	346	
0.000000	0.000000	347	
0.000000	0.000000	348	
0.000000	0.000000	349	
-4947.910645	2796.689697	350	
0.000000	0.000000	351	
0.000000	0.000000	352	
0.000000	0.000000	353	
21.668465	456.958862	354	
0.000000	0.000000	355	
0.000000	0.000000	356	
46.559395	2934.773926	357	
301.809540	-1080.576172	358	
1389.966797	854.041931	359	
0.000000	0.000000	360	
0.000000	0.000000	361	
0.000000	0.000000	362	
2117.189209	-1142.596924	363	
0.000000	0.000000	364	
208.754898	546.392700	365	
-60.241489	-112.592819	366	
0.000000	0.000000	367	
0.000000	0.000000	368	
0.000000	0.000000	369	
-4339.250977	3737.903564	370	
0.000000	0.000000	371	
-1751.342041	-2652.043457	372	
0.000000	0.000000	373	
2080.046631	-3600.473389	374	
0.000000	0.000000	375	
0.000000	0.000000	376	
0.000000	0.000000	377	
-405.904602	-1348.201416	378	
0.000000	0.000000	379	
137.621765	2483.274658	380	
-1977.376831	2899.864258	381	
0.000000	0.000000	382	
0.000000	0.000000	383	
0.000000	0.000000	384	
-823.384766	845.598450	385	
0.000000	0.000000	386	
0.000000	0.000000	387	
0.000000	0.000000	388	
1565.432495	-4.337129	389	
-1544.359009	-3275.570312	390	
0.000000	0.000000	391	
0.000000	0.000000	392	
0.000000	0.000000	393	
0.000000	0.000000	394	
0.000000	0.000000	395	
0.000000	0.000000	396	
0.000000	0.000000	397	
0.000000	0.000000	398	
-3440.174561	-1449.563965	399	
1913.129395	489.302185	400	
0.000000	0.000000	401	
0.000000	0.000000	402	
0.000000	0.000000	403	
-221.408417	137.780182	404	
0.000000	0.000000	405	
1100.514893	-854.609985	406	
0.000000	0.000000	407	
0.000000	0.000000	408	
0.000000	0.000000	409	
0.000000	0.000000	410	
3017.055176	2699.358887	411	
-118.145203	-569.764160	412	
0.000000	0.000000	413	
0.000000	0.000000	414	
-1819.738525	-3444.624268	415	
0.000000	0.000000	416	
474.664734	-86.137413	417	
0.000000	0.000000	418	
0.000000	0.000000	419	
1864.985352	-1354.701050	420	
0.000000	0.000000	421	
0.000000	0.000000	422	
0.000000	0.000000	423	
0.000000	0.000000	424	
364.211792	445.237976	425	
0.000000	0.000000	426	
0.000000	0.000000	427	
0.000000	0.000000	428	
0.000000	0.000000	429	
-2084.863281	-1116.461792	430	
-262.636810	-506.509369	431	
0.000000	0.000000	432	
0.000000	0.000000	433	
464.292358	902.202209	434	
0.000000	0.000000	435	
0.000000	0.000000	436	
0.000000	0.000000	437	
-295.674469	-42.200504	438	
-589.489258	-133.029266	439	
-932.698120	263.242493	440	
-3621.308350	-3437.494873	441	
0.000000	0.000000	442	
0.000000	0.000000	443	
0.000000	0.000000	444	
2005.661621	-1348.000244	445	
995.871216	-537.989014	446	
0.000000	0.000000	447	
0.000000	0.000000	448	
0.000000	0.000000	449	
0.000000	0.000000	450	
0.000000	0.000000	451	
0.000000	0.000000	452	
1148.609619	-1694.641235	453	
0.000000	0.000000	454	
0.000000	0.000000	455	
705.369324	-515.097412	456	
0.000000	0.000000	457	
0.000000	0.000000	458	
945.564453	-236.509613	459	
-3380.145020	2293.842041	460	
1176.932983	-2494.262695	461	
0.000000	0.000000	462	
2159.045410	-830.341064	463	
0.000000	0.000000	464	
0.000000	0.000000	465	
-887.061523	412.412720	466	
-17.218113	1301.620117	467	
-1313.353516	-541.930664	468	
901.031006	-434.299011	469	
0.000000	0.000000	470	
0.000000	0.000000	471	
0.000000	0.000000	472	
0.000000	0.000000	473	
67.827614	-976.903503	474	
0.000000	0.000000	475	
-3344.361328	-2766.808350	476	
0.000000	0.000000	477	
2953.797852	1832.173340	478	
-2800.351807	1825.847168	479	
0.000000	0.000000	480	
0.000000	0.000000	481	
0.000000	0.000000	482	
0.000000	0.000000	483	
-1315.185669	1662.160400	484	
0.000000	0.000000	485	
-4288.264160	2376.551758	486	
4050.343018	1847.211304	487	
0.000000	0.000000	488	
-139.457169	715.370972	489	
0.000000	0.000000	490	
0.000000	0.000000	491	
0.000000	0.000000	492	
1579.004761	-1570.619507	493	
0.000000	0.000000	494	
5698.136230	2901.281250	495	
7147.779785	7008.352539	496	
-2426.200195	1844.777588	497	
936.132751	-304.095581	498	
0.000000	0.000000	499	
-6731.709961	-169.761810	500	
129.600342	1074.760864	501	
0.000000	0.000000	502	
-1555.973999	-1665.154541	503	
0.000000	0.000000	504	
0.000000	0.000000	505	
-1293.616333	-1145.307373	506	
-1668.748291	-630.907104	507	
870.307434	-277.825073	508	
0.000000	0.000000	509	
0.000000	0.000000	510	
673.532959	75.561401	511	
1565.129150	-1703.796265	512	
0.000000	0.000000	513	
0.000000	0.000000	514	
0.000000	0.000000	515	
471.072205	684.367737	516	
0.000000	0.000000	517	
0.000000	0.000000	518	
-925.312195	-5137.718750	519	
0.000000	0.000000	520	
0.000000	0.000000	521	
0.000000	0.000000	522	
0.000000	0.000000	523	
0.000000	0.000000	524	
0.000000	0.000000	525	
0.000000	0.000000	526	
0.000000	0.000000	527	
0.000000	0.000000	528	
1751.936279	-1181.312378	529	
0.000000	0.000000	530	
0.000000	0.000000	531	
0.000000	0.000000	532	
0.000000	0.000000	533	
0.000000	0.000000	534	
0.000000	0.000000	535	
-836.513855	1345.352417	536	
0.000000	0.000000	537	
0.000000	0.000000	538	
0.000000	0.000000	539	
0.000000	0.000000	540	
634.739868	-620.033569	541	
2273.275879	-1550.805908	542	
0.000000	0.000000	543	
1164.688110	459.242218	544	
0.000000	0.000000	545	
2373.187012	-2715.816650	546	
0.000000	0.000000	547	
954.310913	-50.633430	548	
0.000000	0.000000	549	
1487.934326	993.089722	550	
1177.165039	166.431244	551	
0.000000	0.000000	552	
0.000000	0.000000	553	
0.000000	0.000000	554	
0.000000	0.000000	555	
0.000000	0.000000	556	
0.000000	0.000000	557	
0.000000	0.000000	558	
-319.331177	-1288.485718	559	
0.000000	0.000000	560	
0.000000	0.000000	561	
1780.064697	-2851.531494	562	
0.000000	0.000000	563	
0.000000	0.000000	564	
1815.511353	1266.791382	565	
0.000000	0.000000	566	
0.000000	0.000000	567	
0.000000	0.000000	568	
0.000000	0.000000	569	
0.000000	0.000000	570	
0.000000	0.000000	571	
0.000000	0.000000	572	
0.000000	0.000000	573	
721.513184	515.485413	574	
0.000000	0.000000	575	
-1444.052734	-642.758057	576	
0.000000	0.000000	577	
0.000000	0.000000	578	
-222.196274	778.819580	579	
0.000000	0.000000	580	
0.000000	0.000000	581	
0.000000	0.000000	582	
-183.687592	988.270996	583	
0.000000	0.000000	584	
163.175171	157.568039	585	
0.000000	0.000000	586	
0.000000	0.000000	587	
-1396.836426	-1462.319336	588	
3919.025391	-168.318085	589	
-1228.160278	1379.820801	590	
0.000000	0.000000	591	
0.000000	0.000000	592	
0.000000	0.000000	593	
-95.129883	-195.686890	594	
-1412.345215	1950.292603	595	
0.000000	0.000000	596	
-821.389038	18.202902	597	
0.000000	0.000000	598	
0.000000	0.000000	599	
0.000000	0.000000	600	
878.216125	526.853271	601	
0.000000	0.000000	602	
0.000000	0.000000	603	
0.000000	0.000000	604	
462.142700	1170.031006	605	
0.000000	0.000000	606	
1470.261475	520.623169	607	
0.000000	0.000000	608	
0.000000	0.000000	609	
0.000000	0.000000	610	
0.000000	0.000000	611	
-3800.454102	-761.778381	612	
0.000000	0.000000	613	
0.000000	0.000000	614	
0.000000	0.000000	615	
0.000000	0.000000	616	
0.000000	0.000000	617	
-738.122437	2248.103027	618	
0.000000	0.000000	619	
1986.573120	-2517.025879	620	
0.000000	0.000000	621	
0.000000	0.000000	622	
0.000000	0.000000	623	
0.000000	0.000000	624	
2310.125977	-1184.879395	625	
0.000000	0.000000	626	
0.000000	0.000000	627	
2269.056396	1664.170288	628	
-385.332214	388.532776	629	
-554.020630	-38.760719	630	
1154.908203	-1167.234985	631	
0.000000	0.000000	632	
0.000000	0.000000	633	
0.000000	0.000000	634	
-1330.256592	1238.794556	635	
0.000000	0.000000	636	
2328.214355	-1611.452148	637	
0.000000	0.000000	638	
897.152466	888.931458	639	
0.000000	0.000000	640	
0.000000	0.000000	641	
0.000000	0.000000	642	
0.000000	0.000000	643	
0.000000	0.000000	644	
0.000000	0.000000	645	
0.000000	0.000000	646	
2983.937744	-1165.901733	647	
-931.066345	205.236084	648	
0.000000	0.000000	649	
37.794647	-116.610023	650	
2471.255127	33.375351	651	
-491.832184	216.251312	652	
-27.313173	35.838425	653	
0.000000	0.000000	654	
0.000000	0.000000	655	
0.000000	0.000000	656	
0.000000	0.000000	657	
3530.313477	5274.294434	658	
0.000000	0.000000	659	
0.000000	0.000000	660	
0.000000	0.000000	661	
0.000000	0.000000	662	
0.000000	0.000000	663	
-642.677246	-693.928345	664	
0.000000	0.000000	665	
0.000000	0.000000	666	
0.000000	0.000000	667	
0.000000	0.000000	668	
0.000000	0.000000	669	
0.000000	0.000000	670	
0.000000	0.000000	671	
0.000000	0.000000	672	
0.000000	0.000000	673	
-568.747437	-1322.504883	674	
0.000000	0.000000	675	
1010.773071	504.730347	676	
0.000000	0.000000	677	
0.000000	0.000000	678	
5.421133	1665.106201	679	
-256.278748	1562.456543	680	
0.000000	0.000000	681	
0.000000	0.000000	682	
0.000000	0.000000	683	
0.000000	0.000000	684	
-456.220947	-530.928528	685	
-2166.205322	4348.220215	686	
-3773.690918	708.167114	687	
0.000000	0.000000	688	
-296.303986	-293.309570	689	
0.000000	0.000000	690	
0.000000	0.000000	691	
0.000000	0.000000	692	
0.000000	0.000000	693	
-177.323334	471.666229	694	
0.000000	0.000000	695	
0.000000	0.000000	696	
291.250061	17.845272	697	
1479.392212	-1446.111328	698	
0.000000	0.000000	699	
1300.963135	186.295029	700	
-4445.819824	-4145.022949	701	
0.000000	0.000000	702	
0.000000	0.000000	703	
0.000000	0.000000	704	
0.000000	0.000000	705	
960.385986	-836.983459	706	
-1523.551636	-1669.500488	707	
-2180.622070	2004.232300	708	
0.000000	0.000000	709	
0.000000	0.000000	710	
-349.157532	-2206.888184	711	
-832.072876	-215.947327	712	
0.000000	0.000000	713	
0.000000	0.000000	714	
0.000000	0.000000	715	
0.000000	0.000000	716	
3249.569336	-624.346863	717	
0.000000	0.000000	718	
31.352997	-44.079750	719	
485.872559	-242.950592	720	
29.817284	29.255331	721	
0.000000	0.000000	722	
0.000000	0.000000	723	
0.000000	0.000000	724	
-1110.364868	4982.737305	725	
0.000000	0.000000	726	
-1040.044312	-1183.307373	727	
0.000000	0.000000	728	
-989.230957	-1618.691895	729	
0.000000	0.000000	730	
0.000000	0.000000	731	
0.000000	0.000000	732	
0.000000	0.000000	733	
0.000000	0.000000	734	
0.000000	0.000000	735	
-3564.203125	-2058.208252	736	
0.000000	0.000000	737	
-450.829559	4318.624512	738	
0.000000	0.000000	739	
795.693848	724.502808	740	
0.000000	0.000000	741	
0.000000	0.000000	742	
0.000000	0.000000	743	
0.000000	0.000000	744	
0.000000	0.000000	745	
0.000000	0.000000	746	
0.000000	0.000000	747	
0.000000	0.000000	748	
0.000000	0.000000	749	
0.000000	0.000000	750	
0.000000	0.000000	751	
0.000000	0.000000	752	
-376.112885	-394.063965	753	
0.000000	0.000000	754	
1342.436890	-1109.822632	755	
0.000000	0.000000	756	
0.000000	0.000000	757	
0.000000	0.000000	758	
-1466.889404	-1001.493042	759	
-931.384155	-3.479897	760	
0.000000	0.000000	761	
0.000000	0.000000	762	
0.000000	0.000000	763	
0.000000	0.000000	764	
-834.707947	-1229.223267	765	
0.000000	0.000000	766	
0.000000	0.000000	767	
0.000000	0.000000	768	
0.000000	0.000000	769	
-1973.127319	2227.431641	770	
797.594421	-960.369995	771	
793.377136	203.091248	772	
0.000000	0.000000	773	
0.000000	0.000000	774	
0.000000	0.000000	775	
402.778198	114.653946	776	
0.000000	0.000000	777	
0.000000	0.000000	778	
-137.133942	-566.044983	779	
0.000000	0.000000	780	
0.000000	0.000000	781	
-4259.398438	-4718.145996	782	
-1.911759	-40.880352	783	
0.000000	0.000000	784	
-825.008789	-2402.746094	785	
516.485840	318.273315	786	
0.000000	0.000000	787	
-1085.761475	2097.136719	788	
0.000000	0.000000	789	
-2567.337646	-2160.334229	790	
0.000000	0.000000	791	
1875.773193	-1759.056885	792	
0.000000	0.000000	793	
0.000000	0.000000	794	
2434.280518	-1472.206421	795	
1295.581177	2451.115967	796	
0.000000	0.000000	797	
995.507812	-255.615021	798	
0.000000	0.000000	799	
0.000000	0.000000	800	
283.176544	-3699.880127	801	
-432.158569	469.643829	802	
0.000000	0.000000	803	
0.000000	0.000000	804	
0.000000	0.000000	805	
-866.802856	-829.270630	806	
0.000000	0.000000	807	
0.000000	0.000000	808	
957.298889	1046.781982	809	
0.000000	0.000000	810	
0.000000	0.000000	811	
0.000000	0.000000	812	
-1630.804443	-1738.241699	813	
0.000000	0.000000	814	
0.000000	0.000000	815	
3157.233887	0.350057	816	
-85.179596	-1153.835449	817	
-2007.096436	2765.846680	818	
0.000000	0.000000	819	
0.000000	0.000000	820	
0.000000	0.000000	821	
-531.728149	2735.727539	822	
0.000000	0.000000	823	
-7048.014648	-5404.541992	824	
0.000000	0.000000	825	
0.000000	0.000000	826	
0.000000	0.000000	827	
0.000000	0.000000	828	
0.000000	0.000000	829	
0.000000	0.000000	830	
0.000000	0.000000	831	
0.000000	0.000000	832	
0.000000	0.000000	833	
-2812.799072	2269.689453	834	
0.000000	0.000000	835	
0.000000	0.000000	836	
0.000000	0.000000	837	
2679.347168	3369.684326	838	
0.000000	0.000000	839	
0.000000	0.000000	840	
0.000000	0.000000	841	
0.000000	0.000000	842	
0.000000	0.000000	843	
0.000000	0.000000	844	
0.000000	0.000000	845	
0.000000	0.000000	846	
0.000000	0.000000	847	
0.000000	0.000000	848	
0.000000	0.000000	849	
481.691956	-85.555466	850	
1552.880615	-783.109558	851	
1414.756104	3999.763428	852	
0.000000	0.000000	853	
0.000000	0.000000	854	
0.000000	0.000000	855	
-1876.930176	1862.583374	856	
912.929810	-866.628906	857	
0.000000	0.000000	858	
0.000000	0.000000	859	
0.000000	0.000000	860	
2513.776611	-1257.008545	861	
0.000000	0.000000	862	
0.000000	0.000000	863	
0.000000	0.000000	864	
0.000000	0.000000	865	
0.000000	0.000000	866	
-2235.343750	4638.458984	867	
0.000000	0.000000	868	
73.966385	220.638809	869	
0.000000	0.000000	870	
0.000000	0.000000	871	
0.000000	0.000000	872	
0.000000	0.000000	873	
0.000000	0.000000	874	
3435.299316	-3056.833740	875	
-1448.529297	1367.854126	876	
0.000000	0.000000	877	
0.000000	0.000000	878	
0.000000	0.000000	879	
0.000000	0.000000	880	
1807.926636	1600.886597	881	
-1176.384521	1832.812622	882	
671.640381	-251.083755	883	
970.064514	182.383789	884	
-3220.000244	1325.809570	885	
159.823608	1546.950195	886	
0.000000	0.000000	887	
0.000000	0.000000	888	
0.000000	0.000000	889	
0.000000	0.000000	890	
0.000000	0.000000	891	
0.000000	0.000000	892	
0.000000	0.000000	893	
816.976685	-30.889957	894	
0.000000	0.000000	895	
-56.439671	-1683.870361	896	
0.000000	0.000000	897	
0.000000	0.000000	898	
0.000000	0.000000	899	
0.000000	0.000000	900	
0.000000	0.000000	901	
1424.598755	1122.865967	902	
51.411331	1973.970459	903	
0.000000	0.000000	904	
0.000000	0.000000	905	
0.000000	0.000000	906	
0.000000	0.000000	907	
252.911926	-1957.852539	908	
0.000000	0.000000	909	
-733.679199	-1744.240234	910	
0.000000	0.000000	911	
0.000000	0.000000	912	
760.328857	1533.762207	913	
1644.386963	-1770.383789	914	
-3312.161621	-808.874939	915	
-184.068710	399.531677	916	
1.614749	8.947253	917	
0.000000	0.000000	918	
0.000000	0.000000	919	
0.000000	0.000000	920	
0.000000	0.000000	921	
0.000000	0.000000	922	
-3622.261475	-4816.018555	923	
916.449768	2603.381104	924	
0.000000	0.000000	925	
1872.100952	-1118.008057	926	
0.000000	0.000000	927	
0.000000	0.000000	928	
-439.355408	466.996857	929	
-1841.605713	2777.506836	930	
0.000000	0.000000	931	
849.226440	659.699585	932	
0.000000	0.000000	933	
0.000000	0.000000	934	
0.000000	0.000000	935	
478.501831	-709.383911	936	
0.000000	0.000000	937	
2688.347656	2895.064697	938	
102.746750	-4629.571289	939	
0.000000	0.000000	940	
0.000000	0.000000	941	
0.000000	0.000000	942	
0.000000	0.000000	943	
0.000000	0.000000	944	
435.759064	-1753.900146	945	
2017.149048	2459.996094	946	
0.000000	0.000000	947	
0.000000	0.000000	948	
-1753.151978	-3524.592529	949	
697.351624	769.785400	950	
0.000000	0.000000	951	
0.000000	0.000000	952	
406.333191	-22.433996	953	
1359.425903	1154.027344	954	
0.000000	0.000000	955	
1281.931641	-714.780640	956	
-508.159515	-106.754333	957	
0.000000	0.000000	958	
0.000000	0.000000	959	
0.000000	0.000000	960	
0.000000	0.000000	961	
808.298706	1254.760010	962	
0.000000	0.000000	963	
0.000000	0.000000	964	
0.000000	0.000000	965	
0.000000	0.000000	966	
0.000000	0.000000	967	
0.000000	0.000000	968	
0.000000	0.000000	969	
0.000000	0.000000	970	
0.000000	0.000000	971	
0.000000	0.000000	972	
0.000000	0.000000	973	
0.000000	0.000000	974	
0.000000	0.000000	975	
0.000000	0.000000	976	
-2841.536133	-1752.003052	977	
-289.282654	-2185.381836	978	
780.093872	932.315918	979	
0.000000	0.000000	980	
-410.844238	923.626831	981	
0.000000	0.000000	982	
0.000000	0.000000	983	
0.000000	0.000000	984	
538.017090	734.974426	985	
-1589.165283	-533.118835	986	
0.000000	0.000000	987	
0.000000	0.000000	988	
0.000000	0.000000	989	
0.000000	0.000000	990	
0.000000	0.000000	991	
-4282.656738	-901.803223	992	
-4546.911133	4163.946777	993	
0.000000	0.000000	994	
-1029.639893	1143.852051	995	
112.638000	2295.681152	996	
-2585.435303	702.656555	997	
-1339.325195	-805.546143	998	
-1731.111328	-2453.978027	999	
-818.234009	912.076538	1000	
0.000000	0.000000	1001	
-3625.071533	1261.425293	1002	
0.000000	0.000000	1003	
0.000000	0.000000	1004	
0.000000	0.000000	1005	
0.000000	0.000000	1006	
0.000000	0.000000	1007	
0.000000	0.000000	1008	
722.788513	-218.808365	1009	
-296.613037	679.535767	1010	
0.000000	0.000000	1011	
-599.187500	-1774.317017	1012	
0.000000	0.000000	1013	
0.000000	0.000000	1014	
0.000000	0.000000	1015	
0.000000	0.000000	1016	
0.000000	0.000000	1017	
0.000000	0.000000	1018	
-259.091980	113.639893	1019	
911.656006	1886.087769	1020	
0.000000	0.000000	1021	
0.000000	0.000000	1022	
-5109.699219	-1515.438721	1023	
