Input table 0
[-2, 5, 3, -1, 0, -2] - [-512, 1280, 768, -256, 0, -512]
[-4, 1, -3, -4, 0, 4] - [-1024, 256, -768, -1024, 0, 1024]
[-3, -3, 4, -5, -4, 5] - [-768, -768, 1024, -1280, -1024, 1280]
[5, 5, -2, -4, 3, 3] - [1280, 1280, -512, -1024, 768, 768]
[3, -3, 3, -5, -2, 4] - [768, -768, 768, -1280, -512, 1024]
[-5, -2, 0, 2, 2, -2] - [-1280, -512, 0, 512, 512, -512]
-
Input table 1
[2, 4, -3, 3, -4, -2] - [512, 1024, -768, 768, -1024, -512]
[-2, -4, 2, 4, 1, 0] - [-512, -1024, 512, 1024, 256, 0]
[-2, -4, 2, 3, -2, -2] - [-512, -1024, 512, 768, -512, -512]
[0, 0, 3, 0, -3, 0] - [0, 0, 768, 0, -768, 0]
[1, 1, -5, -4, -4, -3] - [256, 256, -1280, -1024, -1024, -768]
[-5, 3, -5, 5, 0, 4] - [-1280, 768, -1280, 1280, 0, 1024]
-
Input table 2
[-4, 3, -4, -1, -5, -4] - [-1024, 768, -1024, -256, -1280, -1024]
[3, 0, 5, 5, -3, 1] - [768, 0, 1280, 1280, -768, 256]
[2, -2, -3, -3, -2, 3] - [512, -512, -768, -768, -512, 768]
[-1, 1, 5, 3, -3, 0] - [-256, 256, 1280, 768, -768, 0]
[1, -4, -4, -2, 2, -4] - [256, -1024, -1024, -512, 512, -1024]
[-4, -2, -4, -5, -1, -5] - [-1024, -512, -1024, -1280, -256, -1280]
-
Kernel:
[-4, 2, 2] - [-1024, 512, 512]
[2, -3, -5] - [512, -768, -1280]
[-2, 5, -3] - [-512, 1280, -768]
-
Convolved table 0
[7, 56, -29, -53] - [1792, 14336, -7424, -13568]
[16, -19, 22, 15] - [4096, -4864, 5632, 3840]
[-11, 82, -66, -22] - [-2816, 20992, -16896, -5632]
[-14, -24, 41, 16] - [-3584, -6144, 10496, 4096]
-
Convolved table 1
[-30, -41, 14, -29] - [-7680, -10496, 3584, -7424]
[-7, 14, 10, -7] - [-1792, 3584, 2560, -1792]
[7, 2, 17, -14] - [1792, 512, 4352, -3584]
[70, -3, 39, -9] - [17920, -768, 9984, -2304]
-
Convolved table 2
[-10, -64, 11, -13] - [-2560, -16384, 2816, -3328]
[15, 54, 11, -60] - [3840, 13824, 2816, -15360]
[-58, -38, 10, 55] - [-14848, -9728, 2560, 14080]
[60, 25, -46, 12] - [15360, 6400, -11776, 3072]
-
Sum of convolutions:
[-33, -49, -4, -95] - [-8448, -12544, -1024, -24320]
[24, 49, 43, -52] - [6144, 12544, 11008, -13312]
[-62, 46, -39, 19] - [-15872, 11776, -9984, 4864]
[116, -2, 34, 19] - [29696, -512, 8704, 4864]
-
Pooled table:
[49, 43] - [12544, 11008]
[116, 34] - [29696, 8704]
-
Input tables converted: 
five, three, zero, 
one, zero, four, 
four, five, 
five, five, three, three, 
three, three, four, 
zero, two, two, 
-
two, four, three, 
two, four, one, zero, 
two, three, 
zero, zero, three, zero, zero, 
one, one, 
three, five, zero, four, 
-
three, 
three, zero, five, five, one, 
two, three, 
one, five, three, zero, 
one, two, 

-
Converted kernel: two, two, 
two, 
five, 
-
